8	8
13	8122
14	14
32789	28614
22	22
39	7372
41	41
54	6148
55	577
66	66
70	3865
81	81
82	16439
83	83
84	84
85	11313
88	109
89	89
90	136
91	189
92	35349
93	93
94	12542
95	95
98	2113
99	1429
100	100
101	101
102	89
104	3374
106	5703
107	89
109	514
110	109
112	112
113	100
114	116
115	89
116	116
117	777
119	430
121	121
122	122
125	125
127	127
128	128
130	130
131	112
132	132
136	777
141	31849
32909	32909
145	595
32915	17141
148	516
149	149
150	150
152	777
153	109
154	3644
155	23403
156	22986
157	5059
158	141
159	777
177	6045
189	13023
195	195
206	206
213	4247
32981	10477
33001	12317
33006	33006
241	4590
243	3059
245	245
33030	13234
262	15029
266	1564
33037	36755
33039	26992
272	4244
279	14373
285	7120
286	286
293	293
309	7082
312	25276
314	12975
316	30653
319	8658
357	4298
359	1449
363	525
376	379
379	10506
380	4244
381	11124
386	8970
388	388
389	12575
392	392
397	20072
398	398
400	20411
401	401
403	26815
406	406
408	408
409	11389
411	411
413	413
418	418
422	422
424	1491
425	1212
426	426
428	10885
431	9837
432	432
430	119
434	19768
435	15924
436	16739
437	20662
439	10380
440	8113
442	119
448	309
449	449
450	450
451	451
468	468
470	470
475	1492
476	1945
477	5401
479	479
482	1564
483	11445
485	195
486	6087
487	487
488	10506
490	490
492	8903
493	16360
494	494
495	3166
497	497
498	502
499	7262
501	501
502	1711
505	24892
506	12466
508	1992
509	509
512	512
514	3084
516	516
517	512
518	518
520	514
521	1589
522	522
524	524
525	19806
526	1448
527	7664
528	959
529	20917
523	8409
533	527
535	2258
538	1429
540	523
541	517
542	8409
546	595
547	574
551	2078
553	553
555	3364
570	89
571	571
573	104
574	574
576	8088
577	107
582	582
583	11313
33352	31998
581	581
579	579
33356	16380
589	6657
588	16739
591	121
592	592
593	593
594	431
595	595
597	597
598	802
602	20775
604	1996
605	576
607	16814
608	159
33377	33377
609	145
611	502
614	3643
33383	19473
33385	36119
621	621
623	20406
638	2998
639	639
641	641
649	7686
33423	33423
33424	31256
667	13073
675	675
33446	33446
681	681
695	1086
705	7665
711	2872
713	18959
719	2740
721	3095
722	12557
727	8938
729	729
737	737
739	6688
773	773
774	774
777	104
778	32697
779	594
781	781
784	22282
785	107
788	38009
792	16175
793	2696
798	798
800	12829
802	23877
803	12797
806	806
809	26417
815	815
817	15567
818	27812
824	824
829	11264
830	792
831	22677
832	36248
833	34611
848	848
852	852
857	857
861	13032
863	863
866	866
867	867
869	869
868	3531
871	873
872	901
873	872
876	876
877	266
878	1379
881	26569
33660	14253
894	12750
895	6431
896	896
897	5049
901	272
902	902
909	7372
910	8505
913	15948
33689	33835
922	897
933	3014
33702	23806
33710	15770
33712	33702
959	959
33728	27476
961	521
964	4273
33735	42244
33736	35133
33755	11040
993	22374
1018	1018
33794	34857
1028	1028
1031	16753
1032	14369
1033	16755
1040	9090
33810	13014
1044	1044
33835	33835
33841	33843
33843	40078
1079	1079
1081	1081
1083	487
1085	1085
1086	1106
33849	25157
1088	7513
1087	1093
1093	1086
1096	1619
33865	21278
1102	1102
1103	1103
1104	4855
1106	1106
33875	27125
1108	1103
33876	33947
1110	9412
1112	1112
1135	17544
1142	5089
1149	666
33921	31849
33922	6937
1155	2387
1154	1154
1172	10559
33947	9451
1180	1180
1187	959
1188	2258
1192	1192
1193	1193
33961	24155
1199	1199
1200	1200
33969	5135
33971	37696
1203	1203
1205	1205
1207	9291
1208	1982
1209	4705
1211	1211
33979	6223
33980	32420
33978	13225
33983	31564
1216	16517
1217	487
1218	16172
1213	541
1212	1212
33985	9860
1224	1224
33993	11549
33997	25560
33998	34754
34001	33660
34000	32981
1240	8405
1241	1241
1243	8291
1245	1245
34018	13498
1251	1251
34020	31214
34024	12327
1263	10506
1265	1265
1267	39137
34052	34401
34053	34857
1286	22403
1287	1287
1289	1289
34064	31564
1299	1725
1300	21715
1302	11600
1304	2694
1307	15808
34072	2296
1310	1310
1312	3436
1326	1326
1336	3925
1341	711
1348	1348
1371	25076
1372	21513
1377	106
1379	1379
1392	2116
1394	1394
1396	2924
1403	1460
1404	1516
1406	1406
1407	20122
1413	1413
1412	1412
1415	1415
1416	1479
1417	1417
1419	1419
1425	1425
1428	475
1429	1445
1430	1510
1432	1452
1433	1433
1434	1434
1436	1463
1437	1437
1439	1483
1443	1416
1444	6281
1445	1445
1447	1447
1448	1500
1449	1510
1451	1451
1452	1452
1453	1456
1455	1455
1456	1490
1457	7371
1458	1516
1460	1460
1462	1462
1463	9412
1465	1465
1468	1471
1469	533
1470	533
1471	1475
1473	1449
1474	1475
1475	1475
1478	1501
1479	525
1480	1480
1481	1547
1483	1432
34251	6557
1487	1436
1489	1489
1492	1480
1493	1519
1494	1494
1498	1487
1501	1475
1503	1519
1504	1429
1505	1505
1508	475
1509	1505
1510	475
1511	1511
1512	1512
1513	1512
1514	16801
1515	1515
1516	1516
1517	1475
1520	1520
1523	1523
1524	1503
1526	1526
1527	1527
1528	606
1530	18959
1531	1531
1546	9911
1547	39716
1559	8596
1564	14309
1565	1565
1566	1566
1567	25837
1569	12675
1570	2044
1586	1443
1587	2071
1589	1589
1591	1591
1593	12327
34368	24976
34369	8672
34371	34755
1605	8580
1607	9412
1611	1611
1613	1613
1616	1616
1619	1619
1621	1621
1623	22746
1624	14788
34395	39572
34398	17506
1631	19227
34399	27470
34401	26953
34403	31224
34406	25337
1652	13174
1654	13196
1656	10032
1655	3586
1662	1662
34446	25285
34447	34782
34449	7912
1678	1678
1685	1685
1699	2561
1706	1706
1712	10097
1717	392
34489	2488
1723	1723
1727	3095
34496	34589
1728	1728
1731	1731
1732	1732
1733	22337
1735	1735
34505	33385
1737	5215
1738	3639
1741	2258
1742	39716
34506	3874
1744	19227
34514	18547
34516	30775
1758	4690
1760	4701
1775	1775
1780	1780
1781	1781
1785	1785
1792	7693
1795	28975
1806	5644
1810	1810
1815	1815
34587	38155
34603	34607
34605	833
1837	6923
34607	39554
34608	26949
34606	36728
34610	833
34611	9547
34612	34782
1848	1848
1852	1852
34625	26992
1873	1873
1875	2490
1877	38529
34663	32569
1897	5401
1898	477
1899	1899
1901	14912
1902	1902
1903	1903
34672	34677
34674	34723
1907	9899
34675	5506
1908	1919
1913	1913
34677	30988
1915	7082
1919	1919
1921	1083
1924	8658
1934	40123
1937	602
1938	3639
1941	9885
1943	1943
1944	1944
1945	1945
1947	1781
1948	1948
34712	22663
1946	9136
34720	32981
34721	9911
34723	11722
34724	26953
34726	32981
34727	20781
34729	42091
34730	19594
34732	19471
34735	3673
1972	10097
1976	4697
1982	148
34754	31753
34755	9874
1988	117
1990	308
34756	26763
1992	10097
1993	2574
1995	5229
1996	1996
2008	6426
2010	2010
2013	2013
34782	7902
2015	15029
2020	2020
2025	2025
2026	21819
2028	7195
2029	20781
2030	2030
2038	5114
2044	392
34816	34816
407	407
34839	34932
2071	4701
2073	2073
2074	9017
34847	30590
2078	15117
2082	2082
34850	20850
34855	9166
34857	32397
2097	2097
2102	2102
2113	1203
2114	2574
2137	2998
34909	34505
34910	32306
2142	2142
34912	28289
2151	2142
34923	34857
2160	2160
34932	16579
2172	5917
2174	2174
2179	2179
2186	2186
2190	19166
6948	36140
34963	33835
34960	15566
34961	31071
34967	41175
2200	2142
2207	2207
34976	32401
2209	2209
34980	34980
2216	11366
2259	1848
2263	2694
2266	32391
2270	2270
2280	3712
2286	20171
2289	2289
2293	2334
2295	20728
2296	9301
2298	2301
2299	8620
2300	1040
2301	34072
2304	1040
2305	3639
2308	8404
2311	9694
2313	2313
2314	2314
2316	2316
2318	2318
2320	2320
2321	2321
2322	18031
35092	11549
2325	2325
2326	7562
2330	2330
2331	2559
2323	2335
2334	1738
2335	2335
2338	2338
2339	2339
2340	2340
2341	2341
2344	2344
2345	2345
2346	2346
2348	308
35117	16024
2356	2356
2358	9694
2359	2363
2361	2361
2363	2363
35133	14096
2366	2366
2370	19129
2371	2371
35150	35150
2385	20375
2387	3095
35175	36416
2409	39
2411	2411
35180	14270
35181	12268
2415	3014
2414	11188
2431	5381
2435	4307
2436	7631
35213	13234
35235	36326
35236	17055
2469	2469
2471	2467
2486	2486
2488	34489
2490	38529
2491	2491
2497	5215
35268	34446
2511	2511
2523	2523
35298	35944
2554	2554
35323	20728
2559	2559
2561	3260
2567	2582
35340	547
2571	2768
2573	2768
35349	15867
2582	2582
35351	22317
2588	2588
35359	31954
2605	3867
2606	31271
2612	2258
2613	2613
2669	2669
2675	20418
2676	27128
2680	20662
2682	7827
2693	9365
2694	17819
2695	5049
2696	2008
2700	12440
2702	2702
2713	11366
2715	19014
2716	2716
2718	551
2726	2726
2731	13032
2740	2740
2748	7513
2752	25092
2755	2755
2757	2757
2762	2762
2765	6505
2766	14519
2770	9617
2774	3851
2779	12640
2783	23960
2784	392
2785	2785
2790	2790
2791	2791
2803	2803
2804	2804
2806	2554
2815	2815
2853	3059
2854	23454
2855	2855
2858	9769
2859	5423
2861	2861
35628	13191
2867	2867
2869	2387
2870	2870
2872	13032
2874	24120
2875	809
35645	11256
2891	11088
2894	14045
2911	20122
2915	8932
2918	2918
2921	8903
2924	1396
2925	2925
2929	14166
2930	16915
2938	6956
2941	2941
2943	401
2944	6641
2945	2945
2951	4077
587	587
2966	2966
35738	10935
35741	8118
2974	7037
2981	2981
2982	19146
2984	12419
2993	2993
2994	2870
2996	1662
2998	2998
3001	1301
3003	15663
3004	14045
3005	17544
3009	3009
3011	3011
3014	3059
3016	4819
3017	1457
3019	2113
3020	3020
3021	3004
3022	1301
3026	11413
3034	3034
3046	21618
3048	4806
3050	3050
3058	2582
3059	2869
3084	3084
3093	3093
3094	3017
3096	38306
3099	11600
3098	3098
3102	3102
3130	5423
3131	13980
35910	33037
3142	3142
3143	3143
3145	3145
3149	3260
35919	29652
3152	3152
3153	392
3158	3158
3159	3159
3165	2013
3166	715
35943	19533
35944	12317
3177	5034
3178	21257
3183	11154
3201	14880
3208	35323
3209	3209
3214	3214
3216	20728
39719	10379
3246	12241
3259	2414
36050	8940
3286	16641
3292	5863
36099	19106
36117	36400
36118	28467
36119	36394
36121	8876
3357	2726
3364	3364
36137	32712
36140	36140
3376	793
3387	20806
3402	2966
3403	3403
3405	16322
3413	3413
3415	22371
3419	359
3423	10736
3425	21141
3427	4652
3428	9368
36198	33865
3436	12342
3435	3531
3440	18480
3462	17814
3468	11462
3475	24899
36245	17238
36248	5152
3484	12307
3487	3487
3494	26968
3501	1086
3502	3502
36279	31071
3518	13159
3522	27430
3524	2874
3529	3531
3531	3529
3532	11120
3534	3760
3535	8451
3544	18076
36319	14682
36320	36320
36324	19539
36326	36319
36327	39230
36328	12327
36332	16576
3578	5117
3579	13422
3581	16532
3585	587
3586	3586
3587	3587
3589	24673
3590	3590
3594	3594
3595	3595
3597	28440
3598	36801
3599	3599
3601	19139
3603	3603
3604	3625
3606	821
3607	821
3608	31214
3609	3712
3610	3644
3611	4093
3612	11497
3613	3613
3614	3578
3616	3625
3617	7909
3618	3613
3622	20771
3628	19485
36394	36758
3630	3630
3632	3632
3634	25743
3635	3625
36400	34505
3639	3639
3638	14692
36407	36407
3645	13422
3646	3712
3648	27403
3650	3874
3651	2280
36417	36417
3657	14906
3658	26933
3659	8181
3661	3661
3662	3662
3663	13161
3664	6260
3665	8629
3670	13189
3672	3728
3675	20405
3677	3677
3678	3672
3679	591
3681	25156
3687	16100
3688	3677
3689	3644
3690	19485
3691	3645
3693	6180
3695	10673
3696	3679
3697	10932
3701	19471
3702	3702
3703	22366
3704	4041
36473	36755
3706	3625
3707	34398
3708	3708
36474	37615
3710	19773
3711	11722
3712	3625
3714	5119
3715	23116
3717	19485
3718	36974
3719	30590
3720	13023
3723	9834
3724	3724
3725	3725
3726	9959
3727	3618
3728	3728
3729	3635
3731	3707
3732	9860
3734	12332
3735	9834
3736	33810
3760	3760
3779	3779
3813	7582
36583	28440
36589	11264
3824	13053
3836	1852
36606	9874
3841	3841
3842	3842
3846	8414
3848	3848
36618	31214
3851	3851
3865	70
3866	3909
3867	14888
3871	3911
3872	8271
3873	1903
3874	19485
3876	11027
3877	3877
3878	3949
3879	3841
36647	16700
3880	11815
36651	33979
3883	3883
36653	34910
3887	3911
3889	3889
3890	5118
3894	1040
3896	3939
3899	5074
3900	27117
3903	3903
3904	3904
3907	3907
3908	13493
3909	3909
3911	3925
3912	15272
3913	3911
3916	3897
3917	3958
3918	28471
3919	3911
3920	3920
3923	3923
3924	10191
3925	3879
3927	15566
3929	3929
3932	3948
3935	3935
3939	20793
3942	3942
3948	3958
3949	3949
3951	32580
36720	13187
36719	37001
3955	3932
36723	36723
3958	3958
3959	3959
3960	3948
36728	34782
3962	25276
36733	33356
3967	6087
36738	8443
3973	7069
36742	16812
3975	13496
3979	16540
36748	41541
3982	3982
3983	16799
3984	437
3985	5422
36752	17752
3988	4289
36755	26953
36758	39563
36759	14283
3992	19513
3990	22300
3995	5446
3996	602
3991	3991
4000	3957
36776	9873
36778	14119
4030	3988
4034	4034
4036	17546
4041	12263
36814	2306
36828	14682
4060	10746
36838	9909
4073	1283
4090	2511
36887	19773
4119	4119
4120	9441
4128	4128
4129	26958
4139	4139
4146	18680
4154	4154
4161	19191
4164	4457
36933	32697
4166	26972
4167	4167
4168	4168
36934	36313
4165	5289
4170	14166
36944	41175
4180	4180
36961	32401
36976	16575
36984	21826
4223	4223
4234	4234
4242	4234
4244	4248
4247	5385
4248	14193
4261	10207
4273	4273
4280	5361
4282	4282
4289	20811
4290	4290
4291	4291
4292	4292
4295	9092
4298	15813
37077	25817
4312	4313
4313	19040
4320	4313
4339	39
4343	4343
4345	791
4348	33961
4354	4354
4362	16801
4364	15980
4365	4365
4373	22320
4374	2028
4375	821
4381	7604
4388	4388
4391	3034
4394	4394
37186	25268
4433	11918
4448	15111
37225	31753
37226	28289
4457	26651
4467	4467
37261	14592
4498	4498
4544	4544
4577	9910
4590	675
4615	2073
4616	4616
4648	2757
4652	4652
4657	24155
4672	5385
4678	21409
4690	1758
4692	4692
4693	14192
37462	31850
4696	4170
4697	13098
4698	14192
4700	4700
4701	18959
4702	4702
4704	713
4712	19014
4713	4713
4718	386
4728	6095
4737	13980
4741	4741
4742	16314
4757	4757
4786	13680
37572	12267
4806	4806
4813	12442
4819	9983
37589	11815
4835	16717
4845	4845
4846	4846
37615	13187
4854	4854
4855	1104
4857	4857
4883	4883
4895	7401
4913	4913
4918	6093
37696	34721
37699	42233
37702	43127
37703	34053
37705	34724
37706	36755
37707	10918
37709	43127
37710	28918
37718	31954
4955	4955
4959	4959
37729	4041
4973	8549
4976	4976
4984	2874
4990	16437
4992	4992
5003	8708
5011	28975
5012	5012
5025	1081
5029	5029
37798	37798
5031	5031
5032	25281
5034	26666
5036	12332
5039	13235
5042	5042
5047	12421
5049	1304
5052	8706
5053	11655
5054	11027
5057	5057
5062	5085
5063	13493
5064	5064
5065	13703
5066	3876
5067	5067
5074	15272
5076	5076
5077	877
5080	9856
5083	18349
5084	10043
5087	9795
5089	5089
5090	2330
5091	5091
5092	5092
5096	9910
5098	9938
5099	3714
5100	36778
5101	20775
5103	13494
5104	11028
5105	5105
5107	20806
5108	602
5111	14959
5112	16978
5114	5114
5115	5115
5117	28306
5118	3913
5120	11488
5121	13203
5122	25316
5125	9908
5127	18481
5132	16039
5133	35268
5135	25990
5137	4289
5138	5138
5143	5143
5144	5144
5145	17185
5146	3586
5147	24977
5152	30653
5154	5154
5155	3886
5156	1943
5159	7509
5160	20030
5166	5166
5169	5169
37941	21259
5174	14067
5175	5175
5176	18036
5178	1443
5179	1902
5181	10339
5185	5185
5186	5186
5187	14892
5188	30653
5200	5200
5201	7603
5203	5203
5205	3026
37974	15841
5206	9690
5207	39189
5215	5890
5219	10599
5224	5224
5229	5229
5236	3851
5238	5238
5239	727
38013	20660
5253	7665
38028	34053
5267	5267
5268	5268
5274	9259
5280	5077
5283	5562
5286	10160
5288	8914
5289	8846
5299	5299
5301	6219
5302	5302
5308	17118
5309	6280
5314	6557
5316	5316
5320	7401
5326	1181
5343	5343
38113	36961
5351	380
5357	5357
5383	5383
5385	267
5396	14209
5400	8447
5401	8447
5404	6204
5409	38752
5413	25743
5414	16672
5418	5418
5420	9800
5421	5421
5422	5422
5423	5423
5425	9690
5426	5426
5427	9720
5428	10886
5430	12287
5433	5433
5436	25379
5437	5042
5445	5445
5449	30574
5453	8555
5451	7828
38227	28789
5452	13496
5463	8185
5466	18119
5467	7908
5475	38009
5481	34857
5487	2334
5491	34674
5496	10353
5500	10377
5506	11553
5507	2490
5509	9017
5514	25041
5518	16795
5525	499
5531	5514
38307	33446
38308	38308
5553	19806
5554	9766
5558	5558
5564	10886
5569	19768
5575	19806
5582	5523
5585	5585
5586	5586
5593	5593
5614	14130
5619	14315
5627	20375
5645	5645
5697	7440
5699	40196
5703	5703
5708	5708
5710	5710
5714	5714
5718	5718
5720	5720
5724	5724
5731	5731
5742	5742
5743	5743
5752	5752
5753	5753
5754	5754
5758	5758
5760	5760
38529	2490
5764	1134
5768	5768
5774	1586
5787	5787
38566	15781
5800	8515
5848	791
5852	6264
5863	1283
5866	10070
5867	5866
5871	3532
38644	38644
5878	2680
5890	2497
5901	5901
5906	4698
5907	1775
5917	14068
5920	5920
5938	5938
5956	1085
5967	5938
38740	14754
6001	20969
38771	36961
38773	16097
38779	38779
38810	13187
38812	32509
38813	32509
6048	6148
6052	4973
6059	2573
6061	6061
6064	9976
6067	6067
6069	6069
1206	1209
6071	21378
6087	10746
38856	17311
6093	6093
6094	6094
6095	6094
6097	6097
6099	2694
6104	6104
6110	6110
6112	6112
6115	17814
6117	594
6121	2725
6124	6124
6125	6125
6130	6130
6143	6143
6145	6145
6148	7440
6151	6151
6154	5003
6176	19156
6180	5117
6182	5301
6187	13882
6195	6195
6201	8572
6202	6202
6204	13882
6205	30175
6207	6207
6212	6212
6213	6213
6219	6219
6220	6220
6221	30590
6253	6253
6260	6260
6263	28544
6264	7220
6269	35943
6271	25417
6280	6840
6281	6281
6295	13703
6301	6301
6305	11764
6309	6309
6311	8496
6312	20906
6313	7351
6315	6264
6316	4895
6320	6320
39091	30846
6332	6332
39104	11508
39109	34606
6355	22287
6364	6364
6365	649
6367	6367
39137	39137
6374	6374
6380	8246
6395	28644
39189	19339
6426	6426
6428	3443
6431	6431
6440	6440
6444	6444
6448	407
39223	9717
39226	20742
39228	35235
39229	41944
39230	6269
39232	26336
6504	26230
6505	18959
6508	2582
6509	6509
6541	791
6542	7675
6561	6561
6562	6097
6576	11578
6580	4296
6582	28934
39357	21259
6591	19712
6592	386
6590	6590
6603	4616
6612	6612
6614	6614
6615	6615
6616	6616
6618	6618
6624	6624
6630	6630
6633	6633
6641	26332
6657	24992
6667	6667
6669	6669
6672	6672
6678	9609
6687	10239
6688	6688
6689	389
6697	5562
6706	11462
39482	17598
6717	5487
6719	7660
39486	39486
39490	1267
6726	7332
39487	8876
6733	4164
6734	27101
6735	5399
6739	5619
6747	27124
39515	17065
6773	6280
6777	2974
6784	18543
6785	6785
39554	7601
39553	33736
39559	17243
39563	31753
39568	19778
39572	31246
6835	6835
6836	6836
6837	17819
6839	6839
6840	18609
6843	6835
6844	6877
6845	6845
6847	2766
39616	13885
6848	6840
6850	922
6856	6843
6860	285
6864	6864
6868	6868
6869	6687
6871	6871
6873	6873
6874	6844
6875	935
6877	6836
6879	6879
6882	6897
6886	6886
6890	7220
6895	6895
6896	26140
6897	17583
6899	28139
6904	7974
6906	6906
6923	1837
6926	4652
6937	6937
6938	6938
6943	18900
6945	11520
39716	39716
6950	6950
39720	39720
39721	36887
39722	9924
6956	6956
6959	6959
6961	36140
6967	10329
39745	27980
6979	6979
6994	6994
39775	26403
39777	26034
39779	19049
39785	17355
39786	39786
7020	1564
39793	31246
7030	7030
7032	7032
7035	857
7037	17611
7043	17441
7044	5420
7045	16175
7047	7047
7050	7050
7054	9318
39823	39427
7064	7064
7066	30510
39834	20006
39836	39836
7069	7069
7070	20788
7071	7071
33970	25328
7074	437
7078	20793
7082	7082
7089	348
7100	14883
7107	19506
7110	7110
7120	7120
7122	8938
7134	20418
39904	24788
39909	607
7147	8342
7155	8770
7156	18543
7166	7166
7178	20303
39947	21262
7183	1827
39958	10379
7195	5211
7197	8952
7200	17539
7208	6428
7232	6777
40001	33037
7247	12263
7248	8072
7256	1827
7258	10032
7262	13313
7289	9769
7292	11891
7300	70
40077	39568
40078	40078
7313	9748
40079	36245
40081	34782
7328	7328
7332	7332
7335	7335
7337	7381
7340	24155
7343	9412
7344	7344
7345	7345
7346	7346
7351	1566
40123	40123
7363	28934
7364	7364
7362	28139
7369	16360
7370	7351
7371	7371
7372	39
7375	7375
40147	10939
7379	39909
7381	7337
7380	7440
7388	7388
7393	7393
7394	7394
7401	7239
7404	293
7426	13971
40196	5699
7432	486
7440	2859
7445	5326
7454	7454
7455	7455
7480	18984
7502	17245
7504	6305
7506	8271
7507	8185
7509	7509
7510	7521
7512	7512
7513	7072
7515	7899
7516	7516
7517	4698
7518	7518
7521	3594
7527	15813
7529	20030
7531	3597
7537	12200
7538	7538
7539	7539
7544	34712
7551	25379
7560	12200
7561	4298
40330	3697
7567	7567
7569	20781
7575	19513
7577	7577
7579	25996
7581	31255
7585	14690
7588	7588
7590	7590
7592	26815
7596	30988
7598	17309
7601	31789
7604	1909
40371	29067
7608	23077
7625	14114
7631	7631
7633	19040
7636	7636
40410	27720
7643	7643
7646	14111
7658	7658
7660	13856
7664	16360
7665	5553
7673	26230
7674	4667
7675	7675
40441	17164
7677	13032
7683	18853
7684	3142
7686	23308
7693	13691
7710	20171
7712	3524
7714	7714
7718	9592
7720	1775
7723	13647
7728	14957
7742	7742
7752	7752
7764	32099
7770	7770
7811	12449
7817	14114
7818	7818
7823	24009
7827	13155
7828	16042
7831	6367
7833	7833
7890	7890
7891	10674
7893	9844
7898	29652
7899	11559
7900	9856
7902	19773
7905	15243
7908	14984
7909	7909
7910	7910
7911	7911
7912	24479
7919	15385
7945	7945
40717	9909
7958	7958
7959	7959
7960	21283
7972	7972
7973	649
7974	8573
7977	2694
7978	2974
7981	7981
7982	21262
7983	14527
7985	7665
7990	33947
7995	6697
7997	7997
7998	2082
8003	8003
40784	40784
8028	13668
8032	2918
8062	8062
8065	7072
8069	8069
8072	8072
8073	19513
8078	10736
8083	8735
8086	8834
8087	7665
8088	8088
8089	9766
40881	14285
8117	8117
8119	14881
8120	13496
8122	8122
8125	16672
8129	14876
8131	27126
8134	3655
8178	26972
8179	7071
8181	8181
8182	19568
8185	24873
8192	9589
40970	28831
8216	12993
8218	25589
8232	8446
8246	8655
8271	3866
8272	31998
8283	8283
8286	9371
8290	6856
8291	17441
8293	22805
8314	21819
8320	387
8341	8341
8342	8342
8361	10559
8381	901
8388	20375
8397	1706
8398	791
8400	8400
8401	8401
41170	42748
8404	8404
8405	8400
8407	8407
8408	15578
41174	42748
41175	41170
41172	35150
8414	14881
8417	8417
8412	8412
8418	13203
8422	10880
8423	37702
8425	5451
8429	5133
8431	11324
8432	8432
8436	3865
8439	5451
8442	5414
8443	17103
8444	2370
8446	8446
8447	9796
8451	3889
8454	28644
8470	5871
8472	35340
8473	8473
8474	10097
8491	8491
8496	8496
8502	38227
8503	3364
8504	14309
8505	8505
8511	8511
8514	26569
8515	10599
8543	1718
8545	6468
8546	6105
8549	6505
8555	8549
8565	19068
8570	8570
8572	19156
8573	8573
8580	8876
8581	16045
8583	8583
8591	8620
8594	7432
8596	1718
8599	28440
8600	28440
8603	8603
8606	8606
8607	8607
8609	28934
8611	25672
8614	5134
8615	19721
8616	18031
8617	11912
41388	41388
8620	8620
8622	22297
8623	14876
8624	11493
8626	8182
8627	11027
8628	1945
8629	8629
8630	8609
8632	32580
8637	8637
8638	8638
8644	17302
8646	8646
8649	8649
8650	15416
8651	8651
8652	3874
8654	8654
8657	14672
8658	9291
8659	15349
8661	7071
8663	8663
8666	20789
8670	22278
8671	8671
8672	12332
8677	15781
8681	14276
8687	13008
8688	36778
8690	8690
8694	5063
8698	4529
8700	8181
8701	3897
8702	19506
8703	12332
8705	26880
8707	17396
8708	8708
8709	28988
8713	16053
8716	4697
8721	8721
8733	13760
8734	17726
8735	8835
8736	5114
8737	5114
8738	8738
8739	8739
8740	5114
8748	14166
8749	8835
8750	8832
8751	19649
8752	8834
8756	18959
8760	32391
8764	3019
8767	5490
8769	11655
8770	400
41541	34000
8830	8735
8832	8834
8833	8738
8834	8735
8835	8735
8841	7032
8843	8843
8849	26815
8852	8852
8854	8854
8856	16814
8857	8857
8860	9135
8868	12586
41637	9451
41643	24899
41646	41646
8884	3876
8900	8900
8903	10997
8907	8907
8908	14624
8909	32552
8912	8912
8913	8913
8914	24763
8919	37941
8920	16582
8922	8922
8926	9937
8929	11124
8931	1564
8932	8932
8937	262
8938	13744
8939	8939
8940	6592
8942	4657
8947	8947
8948	24324
8949	12826
8952	12653
8961	13004
8965	1877
9004	6087
9017	9017
9027	9027
9029	14049
9034	431
9050	9050
9084	9084
9090	9090
9092	9092
9123	6945
9130	39721
9135	20177
9136	9136
9152	32313
9156	33073
9164	8028
9166	10953
9179	24967
9194	9194
9195	9195
9204	9204
9207	9207
9211	20793
9213	20806
9216	9216
9225	9225
9227	25553
9228	5399
9229	308
9230	8446
9236	13496
9248	22805
9271	14139
9289	9289
9291	8658
9292	9291
9301	46
9317	4289
9318	13493
9320	7513
42091	6223
9336	10353
9360	9360
9365	9368
9366	7313
9368	9368
9371	9371
9372	868
9387	386
9412	5863
9420	9420
9422	9422
9429	13072
9441	4120
9447	2495
9451	5848
9454	9454
42233	39793
42239	34672
9475	10219
42243	35944
42244	11804
42249	40881
42252	14222
9509	6401
9512	9512
9516	9516
8410	4313
9547	833
1905	1905
9589	3034
42359	17450
9592	7718
9593	9976
9591	482
9600	18951
9603	1815
9609	1775
9616	1827
9617	9617
9623	9623
9624	9624
9625	9625
1914	27121
9634	6401
9635	9635
9643	9646
9646	9643
9659	2938
9660	408
9683	9683
9685	9685
9690	9690
9691	9691
9693	9693
9695	31269
9712	10831
9719	32099
9720	9720
9724	12153
9731	8672
9738	2191
9740	22666
9744	7292
9748	9767
9754	6143
9761	9761
9765	9765
9766	9766
9767	9767
9769	12441
9795	9795
9796	18547
9800	9800
9801	19166
9813	15573
9824	9824
9825	30510
9826	30510
9827	9827
9828	9827
9830	9834
9831	9910
9832	9832
9833	9833
9837	8624
9838	5080
9841	16172
9844	7900
9845	9827
9850	25281
9852	13004
9856	5080
9858	1469
9859	24969
9860	17311
9861	8620
9862	9827
9870	19568
9873	9873
9874	9874
9879	9873
9885	9885
9891	26862
9894	9894
9895	28471
9896	26137
9898	10926
9899	15578
9903	9903
9904	9834
9906	10129
9907	26953
9908	24969
9909	22289
9910	3645
9911	34505
9905	9905
9917	36889
9919	9919
9925	1373
9935	9935
9936	6048
9937	9936
9938	8606
9939	7982
9942	9942
9943	8926
9947	19435
9948	16314
9951	9957
9953	9953
9954	9939
9957	4737
9958	7982
9959	25156
9976	666
42746	12327
42748	19533
42749	1210
9983	9983
9987	9987
9990	12439
10005	10005
10020	13073
10026	6151
10032	32580
10043	1181
10069	24009
10070	10043
10078	10078
10079	11074
10085	18872
10096	10096
10097	10097
10102	3183
10114	4456
10116	25743
10123	11081
10124	10124
10126	10126
10129	19773
10130	24479
10136	20335
10143	29139
10150	25280
10152	13513
10163	27402
10175	4234
10178	8932
10180	267
10181	20917
10191	10191
10193	380
10196	32216
10198	10198
10211	10211
10212	31182
10218	8849
10219	22094
10221	8856
10230	10474
10239	4372
10256	25379
10263	19721
10267	5176
10268	9938
10281	10281
10318	13980
10329	22050
10330	17185
10333	27403
10334	10334
10337	22369
10339	22297
10346	26088
10353	10353
43127	27470
10367	24155
10377	5500
10379	10379
10380	10916
10387	10387
10388	10388
43178	16322
10433	10433
10451	16237
10467	20781
10474	10474
10477	16180
10486	29139
10496	10496
10506	13580
10547	4073
10559	10559
34667	13189
10597	10597
10599	8515
10600	10600
10617	7082
10620	25837
34676	17064
43398	33712
10648	13166
10673	10673
10674	7891
10676	10676
10681	1348
10685	2314
10720	2296
10728	24981
10731	4693
10735	7440
10736	10736
10743	7313
10746	17205
10798	9029
10809	12265
10815	11120
10829	24366
10831	16076
10833	10833
10853	10032
10868	10868
10871	1040
10880	19494
10883	22301
10884	8644
10885	10885
10886	5564
10892	18481
10893	25092
10896	9841
10897	31254
10898	27718
10901	24479
10902	10902
10907	30639
10910	30590
10913	25316
10916	10916
10918	39515
10919	27685
10921	31826
10925	10925
10926	10926
10927	3912
10932	28306
10933	32580
10935	26934
10936	26137
10937	14289
10938	10938
10939	32552
10940	13117
10942	14881
10944	7077
10945	16517
10946	26928
10948	9703
10951	17185
10953	10953
10959	24476
10970	3026
10997	4372
10999	20406
11027	11027
11028	3988
11037	873
11040	29712
11064	14931
11066	20171
11068	11068
11070	1911
11074	18428
11078	713
11080	20171
11081	11081
11088	11088
43872	36407
43873	26120
11106	11106
11108	11108
11110	6138
11111	11111
11112	18895
11115	17039
11118	11118
11119	11119
11120	1181
11122	11122
11124	11124
11129	11515
11136	11136
11148	7379
11149	11950
11150	21702
11151	2013
11154	11154
11167	30775
11171	14592
11188	10687
11223	11223
11227	26968
11256	8290
11258	437
11259	27119
11262	16799
11264	11264
11266	3635
11267	11267
11272	8446
11275	3707
11282	14295
11285	11285
11313	109
11314	8122
11316	19106
11317	11317
11318	12915
11320	11027
11322	8178
11323	11323
11352	11366
11366	4544
11370	19068
11376	9694
11377	11377
11381	11949
11385	574
11387	22253
11388	11388
11389	11389
11413	7677
11445	1457
11462	12449
11491	34712
11492	8113
11493	27128
11497	8629
11498	1911
11501	17491
11505	11120
11507	16643
11508	13580
11517	16327
11520	21318
11522	20177
11523	20906
11524	8947
11525	17039
11526	11526
11528	576
11534	22378
11535	13160
11536	11536
11538	19757
11539	11539
11541	11541
11542	11542
11548	3597
11549	20818
11550	22677
11552	11552
11553	33728
11558	5644
11570	14754
11578	11578
11590	1299
11606	31269
11614	19539
11633	3824
11635	39909
11636	19548
11641	11641
11645	11645
11647	5887
11651	20008
11655	20063
11658	11784
11659	11659
11664	4034
11669	22805
11670	11670
11682	4041
11683	21262
11707	35741
11717	27479
11722	17060
11726	25418
11731	13430
11751	17316
11760	19191
11762	11762
11764	6305
11765	9195
11783	11497
11784	22287
11785	587
11789	16672
11791	19531
11794	13493
11796	309
11798	1216
11799	27128
11802	26433
11804	33971
11805	29163
11808	25996
11809	10814
11813	34607
11819	11819
11820	19139
11823	22297
11829	833
11836	11836
11841	26230
11843	27403
11848	12902
11852	19649
11863	27595
11867	11912
11869	20303
11874	520
11879	16327
11881	23043
11882	18321
11887	18696
11891	7292
11912	17302
11913	17441
11918	11918
11938	33865
11947	11823
11949	24120
11952	31795
11984	16315
11989	15272
12019	12019
12035	31850
12041	23863
12065	26058
12107	17563
12111	12111
12112	13668
12153	12153
12200	8767
12212	12331
12218	3582
12238	12238
12241	12241
12246	13172
12247	36416
12251	12332
12261	1758
12265	9899
12268	1911
12273	11549
12279	17759
12280	1948
12282	12644
12285	17302
12293	11918
12307	12307
12313	35340
12314	9834
12315	22297
12317	14287
12318	12318
12320	14281
12321	23863
12325	34723
12329	12329
12330	30590
12333	517
12334	4364
12336	13191
12337	5645
12342	12342
12345	12345
12357	1283
12374	9301
12396	12396
12407	7595
12419	6468
12421	12421
12427	12742
12430	21949
12431	14526
12437	14309
12438	1719
12439	12439
12440	2766
12441	8473
12442	5062
12444	4345
12446	5619
12447	12447
12449	6706
12451	649
12453	1300
12460	30622
12463	12463
12464	1732
12466	12466
12469	4678
12471	6105
12477	13761
12480	32552
12491	20549
12495	7404
12512	14876
12514	12514
12519	5915
12540	12540
12542	12542
12544	16570
12557	2669
12562	10239
12570	24042
12571	12571
12574	12574
12575	19014
12583	2669
12584	803
12586	26200
12587	12587
12603	12603
12606	5645
12609	10916
12610	20128
12613	26972
12616	27368
12633	3084
12637	910
12640	12640
12642	26702
12644	13988
12646	12646
12648	409
12653	2026
12675	405
12685	17544
12687	19040
12690	11389
12695	13731
12696	31228
12702	12702
35090	16328
12746	12746
12747	12747
12748	922
12750	529
12761	894
12766	4248
12775	25105
12790	12790
12797	31845
12798	1775
12816	12902
12818	17165
12823	15781
12826	14791
12827	5514
12829	14796
12854	12854
12902	7629
12915	30590
12917	19531
12929	11860
12966	20763
12967	3958
12968	8122
12969	8113
12971	8122
12972	22332
12974	8113
12975	3654
12976	20811
12978	7890
12979	11318
12982	16799
12983	32063
12985	10926
12990	12990
12991	26928
12994	18481
12999	32056
13000	29652
13006	36245
13008	33728
13010	37615
13013	10160
13014	25379
13023	3084
13032	2731
13053	4154
13058	19753
13072	4657
13073	15620
13098	13098
13102	4234
13105	13105
13117	6505
13124	13124
13126	14081
13131	18984
13148	13148
13149	17814
13154	13154
13159	10926
13160	13165
13165	13160
13166	13166
13168	13180
13170	16073
13171	13171
13172	13223
13173	13215
13174	13200
13177	32690
13178	12246
13179	16059
13180	10648
13182	5121
13183	11912
13186	13165
13187	14682
13188	13218
13189	13189
13190	13190
13191	32981
13192	13174
13193	13172
13195	11820
13196	13196
13197	13186
13198	13186
13199	8122
13200	13168
13203	5132
13207	13207
13208	13186
13209	12246
13214	16079
13215	13235
13218	13196
13219	16079
13220	32401
13221	13190
13222	13179
13223	13166
13225	25287
13227	13168
13228	16050
13229	6505
13232	11535
13233	13233
13234	20391
13235	13196
13237	38113
13239	32401
13242	8581
13243	13165
13244	13165
13266	34676
13272	26949
13313	16325
13317	13578
13362	12444
13366	2071
13373	8716
13379	11918
13390	11590
13407	13407
13409	13409
13412	2414
13414	7643
13422	2280
13423	13423
13424	31214
13430	12576
13439	12675
13460	6148
13463	37077
13464	8555
13465	25837
13467	40948
13468	17316
13470	27721
13473	36653
13475	3707
13477	13477
13480	36743
13483	24977
13485	19539
13487	14790
13489	4690
13491	8611
13493	13493
13494	11874
13495	26933
13513	31269
13514	20177
13516	613
13523	54
13577	26972
13578	13407
13579	14802
13580	13580
13582	13582
13585	15781
13590	11815
13605	12584
13619	14618
13647	8062
13668	13668
13669	8028
13670	2695
13674	17319
13680	5062
13683	8003
13688	24899
13703	12439
13731	17164
13744	8938
13761	7037
13765	13765
13797	6151
13798	8570
13818	26942
13850	8083
13851	649
13852	4895
13853	13853
13855	17441
13856	6315
13865	13865
13869	13869
13876	23922
13882	13882
13892	7665
13905	8749
13924	3988
13928	2322
13932	8644
13952	30068
13971	13971
13973	7997
13980	3046
13986	13986
13988	24726
13989	17355
14019	7371
14045	3004
14049	10798
14054	7344
14056	14056
14067	14067
14068	1348
14081	16175
14082	12153
14086	7363
14089	14089
14095	25316
14096	25151
14098	37077
14111	8716
14114	34712
14116	38009
14118	12330
14124	40123
14129	1718
14134	24899
14139	20932
14159	14054
14166	6664
14173	8573
14186	14186
14192	10731
14203	28289
14204	25196
14205	12331
14207	34625
14208	31753
14209	14218
14214	12320
14216	29139
14217	12287
14218	12318
14219	29139
14221	14119
14222	30211
14224	17137
14229	18119
14230	8681
14232	17755
14234	14286
14235	13496
14238	11808
14241	14234
14244	14238
14245	14262
14247	3813
14252	14252
14253	27407
14256	15980
14257	28285
14258	13590
14260	8681
14261	22378
14262	14234
14264	31221
14266	34001
14267	14222
14269	5491
14270	8423
14271	14218
14272	29139
14273	25996
14274	14234
14275	7596
14276	14271
14277	34726
14278	25515
14279	39563
14281	14281
14282	14282
14283	34723
14284	1546
14285	5396
14286	14276
14287	13496
14289	531
14295	14295
14309	14309
14312	17294
14314	25642
14315	13098
14316	15111
14317	524
14324	7677
14329	6875
14344	14344
14357	7827
14366	805
14369	14370
14370	16753
14372	2467
14487	6960
14498	14498
14517	8596
14519	12439
14520	649
14526	6468
14527	12491
14530	5236
14546	13668
14548	23428
14592	36407
14618	7998
14619	14619
14624	16322
14659	3613
14661	14661
14664	11267
14665	1733
14666	17302
14668	31840
14672	3991
14677	14677
14682	602
14683	12990
14684	19513
14686	34506
14688	32695
14689	14689
14690	15867
14692	14692
14698	3635
14742	21093
14786	19873
14788	26707
14790	20030
14791	16582
14793	5160
14796	1781
14802	4855
14854	21100
14871	14871
14876	14876
14879	8271
14880	15602
14881	13494
14884	9890
14888	8179
14892	14892
14895	25351
14898	13494
14906	14906
14909	3611
14912	14912
14915	27721
14931	14931
14940	14940
14941	14941
14949	16178
14950	14067
14954	39229
14957	14957
14958	37769
14959	10831
14968	7908
14971	20792
14973	22677
14975	36974
14980	14980
14984	16833
14985	14985
14992	6264
14995	14995
15028	15029
15029	2784
15041	18076
15053	2582
15110	17164
15111	15111
15117	2929
15185	20969
15193	16026
15207	15207
15211	12282
15212	10196
15225	2113
15231	13480
15237	13924
15238	13496
15246	27124
15248	5451
15262	15262
15271	37630
15272	5118
15281	13467
15290	15290
15293	15293
15302	10136
15303	37615
15311	3684
15314	19582
15316	12315
15326	36175
15330	30574
15334	31756
15338	25379
15339	13183
15343	19128
15346	833
15347	8858
15350	35359
15353	14114
15355	18464
15372	25283
15381	3876
15402	29051
15403	15403
15416	30589
15419	17886
15425	12332
15450	3059
15500	25141
15545	22614
15563	15563
15564	7518
15565	16672
15566	15566
15567	11493
15568	3708
15569	3876
15571	15571
15573	28306
15574	15591
15575	11027
15578	9899
15579	15591
15581	25662
15585	8185
15587	31217
15590	20335
15591	15569
15602	2676
15617	15617
15620	15620
15637	13855
15645	4166
15663	39616
15666	11124
15667	2929
15681	31840
15683	18611
15717	26976
15730	16642
15736	10916
15741	38009
15743	15980
15765	437
15770	43872
15778	13239
15791	20917
15808	15808
15816	7300
15822	14854
15827	28644
15841	20287
15843	15843
15856	5052
15867	35349
15885	15885
15924	11984
15926	17483
15948	2582
15980	10916
15983	19040
16039	17886
16042	7828
16045	16103
16050	13243
16053	16053
16059	13166
16060	19505
16062	12246
16063	16039
16064	16064
16068	20391
16072	6223
16073	7828
16076	13174
16079	13200
16087	33039
16088	35527
16090	13160
16091	13168
16092	16060
16093	16093
16096	15349
16097	16088
16099	10816
16100	6223
16103	16103
16110	12983
16170	38752
16172	18036
16173	22300
16175	16175
16176	11784
16204	16204
16218	16218
16237	7401
16248	36828
16282	14802
16287	11912
16289	13053
16290	12576
16294	16100
16297	15578
16298	5079
16299	32420
16314	8291
16315	20178
16316	37941
16317	9387
16318	15110
16321	403
16322	13885
16325	16325
16326	4615
16327	16557
16328	21015
16330	16330
16332	16332
16362	16362
16365	387
16376	7958
16380	26953
16385	5289
16434	16434
16437	408
16438	39721
16439	39779
16449	30775
16452	30775
16458	16458
16512	2300
16516	28440
16517	16517
16518	7529
16526	24459
16532	14682
16533	3665
16540	3956
16548	16548
16557	16557
16560	15574
16561	25672
16566	17164
16570	26332
16572	34732
16575	9837
16576	16576
16577	35741
16578	16578
16579	40078
16580	26949
16582	26707
16585	36887
16624	3493
16641	21257
16642	16642
16643	12694
16646	23166
16666	16666
16670	16670
16674	16674
16677	16718
16680	16059
16689	37630
16692	12969
16698	16698
16700	13207
16708	34976
16712	15246
16717	26230
16718	16718
16722	34976
16729	17506
16730	42091
16738	802
16739	13023
16740	802
16741	1245
16744	16744
16748	16748
16750	16750
16751	16751
16752	16750
16753	14370
16755	14370
16756	7752
16758	35339
16789	15563
16795	16582
16796	5644
16801	16801
16802	16802
16804	7590
16812	4041
16814	11148
16833	14984
16835	602
16866	13496
16915	26968
16918	16918
16935	16935
16942	7908
16979	11188
17008	17008
17016	12993
17039	18116
17040	21533
17041	11077
17045	6505
17046	16360
17050	35133
17051	36137
17053	5456
17054	37572
17055	24675
17060	31274
17061	35738
17063	25323
17064	24521
17065	30731
17100	39109
17102	25672
17103	19773
17108	5414
17118	16314
17126	21093
17137	25996
17138	14267
17139	17544
17141	25996
17164	25129
17165	27207
17167	17563
17185	15243
17186	32667
17188	26968
17205	10746
17210	17210
17232	10953
17236	16799
17238	31789
17242	25196
17243	830
17244	5112
17245	11491
17257	26949
17294	27124
17302	11860
17304	33073
17312	17312
17313	10885
17317	5451
17319	12200
17339	2682
17353	13514
17355	24149
17357	17357
17386	11655
17391	17391
17396	18971
17397	20763
17403	9318
17412	12421
17441	13893
17445	25131
17454	11264
17470	13496
17483	17483
17484	3494
17491	28186
17544	13688
17546	9860
17583	17544
17591	17591
17598	17598
17604	29354
17611	12491
17622	8968
17726	2966
17727	12421
17734	17441
17743	17743
17752	30131
17756	13496
17759	31753
17764	15980
17814	17814
17819	9368
17885	11559
17886	17311
17912	28978
17914	2436
17917	34506
17920	24476
17921	5400
17929	25604
17984	17470
18001	18951
18006	12826
18023	3689
18030	15563
18031	2322
18036	3617
18076	18076
18091	21322
18092	18092
18113	34514
18116	17039
18119	18119
18140	18140
18155	876
18187	7960
3615	11266
18238	18238
18242	16918
18243	401
18247	13580
18248	15827
18271	16707
18284	8573
18289	18289
18297	7401
3641	15566
18321	18321
3644	587
18365	14754
18380	14519
18403	24892
18428	11145
18440	38740
18464	32695
18467	18467
18468	5467
18471	15563
18480	285
18481	37077
18493	18493
18501	6882
18515	18515
18541	30775
18548	27430
18554	17412
18571	18515
18611	27418
18629	18629
18640	18640
3705	10496
18649	11539
18662	18662
18668	1827
18680	18680
18749	15770
18792	6667
18807	7371
18851	18851
18872	19806
18879	20932
18883	9123
18891	42359
18894	18894
18895	18895
18900	7030
18902	18902
18951	6899
18959	4701
18967	7544
18971	18971
18972	12616
18984	26088
18988	18984
19011	17316
19038	19038
19043	19040
19046	14657
19047	19047
19049	39777
19067	3578
19068	10079
19069	19069
19070	805
19079	20178
19080	19080
19101	30775
19103	13480
19106	14682
19108	15563
19110	27121
19117	34667
19121	19121
19128	19128
19129	13514
19130	32401
19139	6225
19146	17450
19156	19067
19157	20182
19158	19158
19166	3886
19174	2190
19200	19200
19204	15325
19207	26958
19209	14487
19210	19210
19280	19280
36398	31755
19339	39189
19350	27318
19366	3824
19368	19366
19400	19400
19402	408
19403	20781
19404	16672
19410	36953
19412	7607
19417	27389
19418	19418
19420	11538
19421	10163
19436	19436
19467	33073
19471	8624
19473	13480
19479	10926
19484	1547
19485	26934
19486	29811
19487	19773
19491	833
19492	16666
19493	10926
19494	14880
19497	2783
19501	3589
19502	1904
19503	14657
19504	7897
19505	32569
19506	19506
19510	15316
19511	27097
19512	7646
19518	19518
19519	20741
19522	16799
19523	19523
19527	15578
19529	37589
19530	28275
19531	19531
19536	34754
19537	28544
19538	32561
19539	19539
19543	11264
19544	33835
19548	11636
19560	12153
19562	17316
19566	13006
19567	30590
19568	8182
19571	31789
19573	20799
19575	26863
19580	19580
19582	17236
19584	5152
19592	12929
19594	33835
19620	19620
19640	34589
19645	23117
19649	11952
19650	20282
19703	34675
19712	141
19718	15423
19753	19753
19755	20792
19756	2676
19757	34782
19763	19763
19766	19594
19767	34607
19768	19768
19769	20806
19770	38529
19771	33835
19772	1934
19773	34730
19775	32002
19778	34961
19782	19782
19792	405
19806	5253
19873	4273
19880	25992
19907	13590
19909	19909
20006	20320
20008	21278
20024	11819
20026	9834
20030	1210
20041	20041
20063	31228
20072	20072
20073	13731
20077	31843
20088	20088
20091	20781
20094	20094
20119	20119
20122	1240
20125	14693
20128	3665
20139	20304
20143	34909
20146	13740
20177	40441
20178	11938
20179	20179
20182	20182
20245	22441
20252	2929
20258	11387
20263	30502
20264	5887
20287	2945
20291	24148
20295	155
20302	4456
20303	20177
20304	20291
20305	16328
20308	11558
20309	20309
20310	6371
20319	20319
20320	24120
20332	20343
20335	7604
20337	20337
20340	33971
20341	20781
20343	19773
20346	19783
20359	10032
20360	22746
20375	7665
20378	20378
20379	31244
20391	28863
20400	13430
20403	20403
20405	27403
20411	20411
20414	20414
20416	31182
20418	20418
20419	6448
20422	15781
20469	17319
20493	15841
20549	20549
20577	19566
20586	20586
20604	24148
20660	21093
20661	17039
20683	4180
20728	2881
20733	20789
20735	20735
20741	36416
20742	30639
20755	5564
20762	9703
20763	7507
20771	32499
20775	602
20777	25253
20781	16178
20784	34755
20788	5107
20792	20792
20793	20793
20796	20796
20797	30574
20806	13494
20808	19769
20809	40881
20818	31217
20820	28644
20821	20821
20845	25662
20850	41175
20885	41170
20888	20888
20897	35180
20904	2299
20905	9368
20906	27607
20909	40952
20924	20924
20932	19209
20954	24435
20969	33006
20982	2008
21015	21015
21017	2028
36756	37706
21093	21093
21097	26120
21100	29712
21140	28815
21146	873
21200	5289
21204	14487
21253	33446
21257	21257
21258	21258
21259	39357
21260	40970
21262	21262
21278	16322
21283	16552
21318	21318
21322	21322
21323	11651
21340	25642
21348	21348
21366	13989
21367	1742
21368	21368
21369	39427
21378	21378
21395	28976
21409	6094
21453	3809
21513	1372
21533	22203
21611	20287
21618	3046
21636	10999
21645	386
21693	12441
21702	12282
21714	2495
21715	4701
21733	30775
21826	26799
21914	29067
21929	38155
21949	21949
21954	3423
21979	22526
21987	21987
4377	4377
22044	24155
22050	7712
22054	20304
36950	36321
22135	34587
22148	22337
22195	10798
22253	597
22261	8856
22272	26799
22276	22276
22277	2740
22278	9845
22280	36137
22282	22282
22283	15325
22284	17065
22285	601
22288	9874
22289	31266
22293	14980
22294	3665
22296	5176
22297	22297
22298	9873
22301	14790
22303	16580
22308	3578
22310	26410
22311	36887
22312	602
22313	22317
22315	36949
22319	36887
22320	3731
22323	26137
22329	16700
22330	19594
22331	14682
22332	17257
22336	12327
22345	34001
22346	3731
22349	15585
22350	34976
22351	7633
22353	7633
22366	22366
22369	9938
22371	14114
22372	32306
22377	36951
22396	9703
22400	17054
22403	21395
22404	10032
22405	17302
22456	10115
22499	37589
22509	14229
22511	36756
22526	11154
22538	22538
22604	17302
22610	36984
22612	19158
22613	27979
22614	19070
22620	8570
22626	22626
22649	21645
22662	18469
22663	25316
22664	25657
22665	22665
22668	20818
22675	36416
22676	8432
22677	14690
22678	10829
22681	16297
22682	9910
22686	16918
22695	15349
22710	22287
22899	6641
22900	22900
22910	26111
22913	32002
22914	27297
22933	16330
22951	11154
22962	24630
22986	25688
23015	31228
23017	24150
23021	38009
23022	25330
37142	24665
23042	20264
23046	25577
23048	24892
23058	3707
23065	19703
23072	30590
23077	2854
23082	42749
23086	25268
23116	9910
23124	5490
23127	34980
23132	12694
23165	7833
23166	8868
23188	38009
23195	34489
23290	23290
23291	7683
23308	23308
23371	23371
23376	30058
23386	10886
23394	37702
23396	9833
23403	30068
23428	6151
23434	30775
23454	28595
23586	33985
23596	27390
23598	7828
23625	6401
23655	16717
23667	8125
23732	7032
23768	25196
23806	11167
23836	9320
23840	21395
23863	19068
23872	26406
23876	2554
23877	22686
23922	9441
23960	5446
23968	28278
23969	23969
23970	31245
23972	22284
24002	14166
24003	24003
24009	16385
24014	24014
24015	24015
24016	24016
24033	24033
24042	24042
24065	24065
24120	15111
24148	24148
24149	26414
24150	23017
24155	13072
24156	33961
24160	24160
24169	24169
24212	24759
24215	19650
24309	24737
24324	20177
24325	3177
24360	9873
24361	41175
24362	20796
24366	24982
24368	24368
24370	10673
24371	5458
24399	6401
24410	3641
24429	20011
24431	37702
24432	34000
24435	25270
24446	24446
24459	34449
24466	22297
24472	5451
24475	30590
24479	36889
24508	23042
24532	24532
24533	39747
24543	16687
24545	32697
24569	37702
24596	11938
24606	24606
24607	26999
24630	9451
24637	24148
24664	30733
24665	37573
24668	11931
24673	17061
24675	22664
24724	20789
24725	25576
24726	15211
24734	38752
24737	24737
24749	6371
24759	4615
24763	24763
24765	21513
24788	42359
24804	30775
24806	29067
24870	38009
24873	32003
24874	24874
24889	27283
24892	13514
24899	6891
24937	12466
24939	28837
24952	10999
24965	13004
24967	2191
24969	9859
24970	3727
24971	14880
24972	31217
24973	9873
24974	10136
24975	11027
24976	11614
24979	15581
24981	10831
24982	24366
24985	9873
24986	38113
24988	20733
24989	31217
24990	34398
24992	10673
25037	6956
25041	389
25076	25076
25078	30590
25080	8644
25081	9873
25083	14854
25091	20781
25092	20790
25105	9593
25128	20932
25129	25129
25130	1591
25131	25131
25141	36406
25151	25151
25156	9959
25157	26672
25195	26104
25196	28471
25204	25204
25216	5430
25223	11493
25230	3493
25232	34448
25237	31071
25244	16812
25246	13237
25247	20806
25252	16978
25253	8623
25255	19487
25256	17302
25258	23185
25259	9908
25267	36248
25271	19485
25274	8423
25276	32024
25277	10032
25278	31217
25281	9850
25282	18547
25284	14684
25285	7562
25287	13189
25293	821
25295	34611
25298	36248
25316	27721
25323	34923
25326	30404
25328	31753
25329	34723
25330	32306
25334	12335
25337	34403
25345	25092
25349	17236
25356	14119
25361	25361
25379	22317
25415	16557
25416	26414
25417	24149
25418	8947
25419	26815
25458	39482
25471	25379
25544	3630
25545	1909
25549	24479
25553	22317
25557	25557
25560	31246
25562	9860
25576	22253
25577	39486
25586	821
25589	34754
25604	20660
25616	39719
25618	17039
25642	31228
25657	30590
25659	3727
25661	11614
25662	25557
25663	9909
25664	34447
25668	38644
25671	25671
25672	38813
25688	31849
25734	153
25739	41175
25741	6225
25743	11783
25750	3578
25753	38813
25754	29050
25755	25515
25756	19485
25757	13161
25758	19773
25760	11549
25762	37615
25764	6225
25765	26928
25766	3715
25774	14119
25797	17886
25802	5181
25803	7908
25805	14260
25812	13513
25817	25379
25837	21663
25843	2672
25844	24759
25883	25883
25891	8922
25909	20781
25941	25941
25959	12929
25988	5219
25990	25996
25992	28289
25994	7581
25996	14273
26045	15770
26058	26058
26079	26079
26082	14114
26088	27720
26090	11614
26104	26104
26111	5117
26120	21100
26137	26137
26140	32695
26146	4718
26148	19146
26197	13928
26198	1547
26199	26199
26200	601
26211	27124
26214	25275
26218	25275
26230	11952
26233	26296
26272	26079
26296	25642
26332	21259
26336	19539
26346	426
26357	31221
26406	21015
26408	2266
26410	32690
26412	19049
26414	26414
26417	19049
26418	26406
26419	406
26423	14881
26433	38113
26508	11124
26533	33001
26536	13148
26563	20072
26569	7032
26580	3581
26625	11848
26641	12035
26649	6603
26651	18403
26652	15207
26666	12574
26671	11040
26672	13818
26697	26697
26700	23806
26702	39091
26711	10506
26712	23695
26763	34723
26799	21826
26814	4128
26815	26815
26817	24937
26827	16687
26854	488
26862	19753
26863	22319
26864	41944
26865	26949
26874	27405
26880	2322
26900	28837
26904	26904
26913	26913
26922	25233
26928	26928
26930	1547
26933	37615
26934	8629
26937	22283
26938	32099
26942	21929
26946	32697
26949	39559
26951	38644
26952	9873
26953	32712
26954	12325
26958	20011
26966	14788
26968	16915
26972	30549
26984	30622
26989	26976
26992	28614
26999	26999
27020	20287
27024	3185
27042	22526
27043	12575
27047	27047
27050	26230
27062	19068
27097	30967
27101	26079
27119	27119
27121	14906
27122	27122
27124	92
27125	5481
27126	28471
27127	15567
27128	25672
27129	8232
27152	27602
27170	34589
27186	28289
27187	14229
27188	30590
27196	3654
27206	27206
27209	25941
27210	24892
27236	11784
27255	8850
27295	30590
27306	27306
27311	7379
27314	9050
27318	23863
27340	27340
27365	16099
27368	19014
27370	26928
27375	2874
27389	38113
27395	31217
27399	17186
27401	24545
27402	27799
27403	27121
27405	9873
27407	31276
27408	11784
27412	20006
27413	33922
27418	12041
27429	16641
27433	18972
27441	8401
27451	17357
27462	5485
27470	28201
27473	25329
27474	25283
27476	31276
27477	22663
27479	20856
27481	19046
27485	27485
27499	1371
27503	14854
27513	12609
27578	10935
27579	14684
27580	10831
27581	9874
27587	20856
27589	37226
27590	29597
27595	39490
27601	27601
27602	21533
27609	12041
27610	27610
27621	9873
27623	25276
27625	13496
27635	16517
27651	16689
27652	12332
27660	28901
27671	27671
27680	13058
27685	7529
27688	14114
27709	24476
27711	16518
27718	9873
27721	10896
27723	17403
27745	22663
27792	39563
27799	9890
27811	40076
27812	16579
27816	22322
27825	16643
27845	27845
27846	36752
27850	821
27938	28440
27979	5514
28037	12542
28079	18951
28158	38306
28186	28186
28188	5181
28193	36951
28200	15867
28201	37709
28235	3597
28265	28265
28274	25274
28275	15314
28277	12325
28278	33385
28279	25330
28280	24673
28281	7579
28285	37702
28286	17065
28287	14203
28289	33385
28298	28298
28306	28306
28320	32570
28329	12263
28407	23454
28440	41175
28450	28644
28451	32576
28467	34399
28544	28544
28546	25223
28548	15232
28573	16325
28614	12332
28615	32099
28711	16099
28716	21809
28717	3707
28789	1371
28798	13496
28815	43398
28831	18543
28837	4372
28847	11081
28863	16092
28877	12440
28901	36416
28905	19038
28918	39515
28934	8609
28971	31055
28975	17921
28976	28976
28978	13494
28985	20904
28988	35150
29036	35944
29048	12154
29050	29652
29051	6223
29054	7828
29063	33849
29067	3524
29072	11525
29128	13986
29139	25996
29141	29141
29147	19772
29154	41175
29156	177
29163	31826
29193	19531
29194	20856
29208	14357
29209	29209
29354	29354
29433	10329
29461	15683
29463	21348
29468	34368
29509	17065
29583	13496
29587	11264
29597	10477
29643	37718
29712	8850
29716	2672
29811	34963
29824	29824
29864	26814
29993	23972
30022	11528
30058	14344
30120	24476
30131	34857
30175	36953
30181	33946
30211	31221
30216	11541
30223	18119
30253	8118
30295	9860
30318	30318
30404	31274
30502	11515
30510	24148
30538	1914
30574	41175
30639	11784
30653	32522
30731	10728
30733	25657
30775	25657
30816	36406
30846	30846
30860	30860
30891	29054
30956	22288
30961	22287
30962	11559
30967	12332
30968	31214
30978	19106
30988	23972
31043	10163
31068	16532
31071	34606
31094	18187
31104	31755
31182	8948
31202	14895
31213	27623
31214	39229
31217	9873
31224	34401
31228	31182
31231	11717
31244	11268
31245	31214
31246	37703
31247	10160
31250	39223
31253	22441
31254	23970
31255	11804
31258	10936
31262	36889
31263	37589
31266	14684
31269	31269
31273	17065
31274	32306
31276	14266
31278	33383
31280	35181
31328	31328
31407	31407
31538	24630
31564	35527
31674	17302
31753	39515
31755	32981
31756	10333
31789	15346
31834	20006
31839	16642
31843	25642
31845	4529
31849	19712
31850	13317
31883	11528
31903	24429
31909	2486
31914	31849
31932	22441
31954	35944
31972	27609
31978	31978
31991	3059
31999	36248
32002	40079
32003	29152
32020	33037
32021	30590
32024	15301
32056	32056
32059	19409
32060	33385
32099	20422
32158	22283
32178	35090
32212	1912
32216	21253
32231	17316
32251	19106
32306	37705
32313	37706
32364	19560
32397	12336
32401	26410
32403	37615
32420	16680
32422	32422
32452	14119
32460	21634
32499	2322
32509	24370
32522	20346
32543	21645
32552	16643
32560	16322
32561	20391
32562	36121
32564	11841
32569	10032
32570	16079
32576	16037
32582	38009
32583	27097
32593	10032
32597	3707
32667	19487
32690	38113
32695	20177
32712	34052
32718	8100