8	8
13	13
22	22
41	7176
46	18851
55	55
82	25415
83	83
84	4883
93	93
94	5514
32864	32864
99	99
107	107
109	109
110	110
111	111
112	20131
117	26423
121	121
125	125
127	110
128	11681
130	130
132	132
32906	32906
145	145
146	6068
149	149
151	601
152	546
154	154
157	37975
159	24734
32943	18890
189	20346
206	206
210	2780
212	212
32981	27846
213	213
236	5316
243	1775
263	263
264	6061
279	279
294	2187
33073	13888
314	314
33082	32659
33084	31680
373	727
375	13861
376	376
379	5262
380	7292
383	530
385	424
386	386
387	387
388	388
389	17374
392	3851
397	1873
398	24042
401	31909
403	403
404	404
405	405
406	406
408	9126
409	409
413	3520
414	414
415	20378
417	417
419	32564
421	421
422	422
424	40443
425	425
428	14274
33198	18677
431	9876
432	432
430	605
437	109
440	440
450	450
451	451
33227	26946
33228	8566
468	468
470	470
475	475
476	2861
477	477
480	492
482	1379
487	2034
489	489
490	490
491	491
492	81
493	475
495	29755
499	499
505	505
506	506
507	507
509	1106
512	14
514	514
517	514
520	520
523	514
525	8374
526	526
527	3820
528	528
529	9724
531	531
524	524
533	533
535	1188
538	14099
540	514
541	512
546	600
552	12218
553	553
555	6847
574	574
576	4153
580	580
582	34967
587	15841
33356	16059
591	591
592	22666
593	593
594	4400
595	149
33363	26419
598	600
600	6068
601	601
602	602
604	604
605	605
606	606
607	607
609	609
613	613
33383	34846
611	611
33385	33385
621	28047
623	12582
638	5907
641	641
649	15808
33423	13935
33446	42359
688	14965
695	5967
711	711
721	721
722	722
727	727
729	729
735	735
774	17374
33544	33544
778	778
784	784
786	22324
787	787
788	788
791	791
792	792
799	6444
801	18242
802	802
805	3648
806	5947
804	804
809	809
815	815
817	817
818	818
33588	32564
824	824
826	826
829	30538
830	830
831	831
832	33385
840	3257
848	848
852	852
857	881
863	7035
33633	33633
868	6911
869	869
866	10197
872	7973
876	876
877	4845
878	878
879	213
887	887
893	893
895	12437
896	12437
33665	33665
908	13797
913	14375
920	920
33689	16706
922	17205
921	15051
33692	33692
33705	5146
33713	5146
33720	12033
953	8316
978	12440
1018	12574
33794	36720
1028	1456
1033	11129
1040	35001
33810	39226
1045	7549
33835	33835
33843	31266
33844	25549
1079	1079
1080	475
33849	33849
1083	1084
1084	5754
1086	1086
1087	1086
1089	1089
1082	2398
1093	1521
1095	4851
33865	13280
1102	1102
1103	23909
1106	1106
33876	12815
1110	4851
1119	1119
1135	2977
1142	1142
1155	12643
1157	32661
1172	1172
33946	33946
1180	1180
1192	1192
33961	22456
1199	514
1200	1206
1202	535
1205	1205
1208	489
1210	35052
33985	33985
33991	17487
1241	28875
1242	1935
1243	1243
1245	13317
34018	34018
34020	14097
1265	1265
1266	1795
1267	1267
1283	5908
34053	34053
1289	1289
34064	34064
1297	11508
1298	1298
1299	1299
1301	1301
1302	1302
1303	1082
34072	34072
1305	13439
1306	6848
1304	1304
1307	1307
1311	13669
1308	6836
1312	1739
1326	2861
1336	18398
34112	34112
1356	1356
1359	12817
1360	6891
1372	1372
1373	20378
1374	407
1379	1379
1384	2583
1385	25214
1389	12455
1390	1390
1403	509
1404	1404
1406	1406
1407	15262
1412	1412
1413	1413
1415	475
1416	1530
1417	2398
1419	499
1425	3062
1428	1428
1429	5277
1430	1430
1433	1433
1436	1471
1443	23922
1444	1444
1445	18792
1447	8929
1449	1416
1451	16702
1452	1452
1453	1471
1455	1455
1456	1460
1457	2174
1458	1458
1460	1460
1461	509
1462	1462
1463	11173
1465	1465
1468	1468
1469	1436
1470	9068
1471	1517
1474	1524
1475	1475
1478	1487
1481	22366
1487	1545
1490	1490
1492	1492
1493	1524
1494	1471
1498	1498
1501	1471
1505	1505
1508	3886
1509	21204
1510	39781
1512	1512
1513	1513
1515	8472
1516	7336
1517	1453
1519	1545
1520	1520
1521	1521
1522	1542
1523	1523
1524	1528
1526	12240
1527	1527
1528	1460
1530	1415
1531	1531
1532	7043
1542	1612
1545	1513
1547	1547
1553	1553
1558	2043
1561	1561
1562	12560
1564	1564
1565	17611
1566	7718
1569	1569
1570	3822
1574	1574
1586	4833
1587	11743
1589	1740
1591	12899
1593	15353
1595	2765
1596	1596
1597	1425
34368	36776
34369	19417
1605	1513
1606	26339
1607	1607
1609	5871
1610	1815
1611	1611
1614	18411
1618	1618
1619	23909
1621	20400
1623	1623
34395	27188
1631	1631
34403	34403
34410	34410
34421	11650
1655	3004
1660	3435
1662	1662
34444	21378
34446	23596
34447	34447
34448	26869
1682	3435
34464	22285
34468	34468
1705	9004
34477	35175
1709	3061
1712	13871
1717	1993
1718	2028
1719	15403
1723	641
1727	1727
1728	1728
1731	896
1732	1732
1735	12455
1738	1738
34506	20738
1739	1326
1740	1739
1744	1744
34513	37696
34509	27386
34516	34516
34519	37696
34512	16050
1756	31885
1760	8909
1766	19442
1775	2258
1777	1777
1780	1780
1781	6195
34550	34550
1795	1795
34571	3984
34573	28461
1806	1806
34578	34578
1815	15099
34603	34603
1835	1835
34611	34611
34612	15583
1845	1845
1852	1852
1853	1853
1859	1859
1862	1853
34639	34640
34640	34640
1873	12240
1875	1875
1877	1493
1885	1526
1890	1890
1896	10955
1897	15353
1898	1898
1899	1899
1900	7916
1901	1901
1902	1902
1903	14892
1904	1904
1905	1905
1906	1906
1907	1907
1908	1908
34675	16297
1909	19568
1913	3866
34683	34684
1915	1915
1917	1917
1919	7900
1920	11662
1923	1923
1925	5060
1927	12968
1932	1932
1934	1934
1935	594
1936	1932
1940	1940
1941	22509
1942	19257
1943	1943
1944	1944
1945	8412
1946	8114
1947	14790
1948	4041
34712	22244
1950	2729
34724	17185
34727	34727
34730	15591
34732	34732
34735	22669
1974	1974
1977	1436
1978	18398
34752	14144
34754	27188
34756	25741
1988	1988
34755	36772
1993	1993
1995	11366
1996	1996
2010	6426
2013	8932
34782	26934
2015	2015
34784	34784
2020	2784
2025	2879
2026	2026
2029	4251
2030	8932
2034	493
2037	15822
2038	2038
2039	2039
2043	2043
2044	2029
2046	8932
407	1621
2062	2062
2063	2063
34833	25205
2071	2071
2074	2074
34846	16088
34847	5184
2078	840
2080	11228
2082	2082
34850	23395
34852	34852
2086	2071
34864	34864
2102	2102
2116	2116
2132	2132
2137	5907
2153	3299
2160	2160
2167	7176
2174	1457
2186	11764
2187	6305
2190	2190
2193	12519
34963	34963
34967	30196
34968	34968
2207	2207
2216	12240
34985	19403
35001	35001
2241	2241
2258	2493
2259	3017
2263	2263
2265	14130
2266	16570
2270	1908
2271	16564
2273	2278
2274	2274
2278	12551
2280	3632
2284	19706
2288	2278
2293	2293
2295	2295
2297	19103
2304	1932
2308	2308
2311	4291
2313	3896
2314	5181
2316	2316
2318	2318
2321	2321
2325	2325
2320	3896
2322	4298
2326	7598
2330	2330
2331	2331
2334	2334
2335	2335
2338	20862
2340	2340
2345	2849
2346	5011
2348	9707
2352	2352
2356	2356
2359	2359
2361	2361
2366	2366
2370	2370
2371	2371
35147	20735
35149	1937
35150	35150
2385	7191
2387	2493
2395	2395
2398	1082
35175	36105
2409	2409
2411	2411
2414	6976
2415	2415
2431	8256
2434	7604
2435	2435
2436	2436
2449	13569
2464	38308
2465	23049
35232	31104
35235	28306
2471	5743
2472	535
2486	25483
35258	35258
2491	6340
35260	28930
2493	2613
2490	2490
2495	5061
2497	2497
35268	1950
2511	2511
2551	1430
2554	2554
35323	2885
2559	2559
35339	35339
35341	35341
2582	6508
35351	32335
2583	7674
2585	6295
2588	7662
2605	2293
2606	36889
2608	32606
2613	2493
2616	13974
2640	2640
2667	20378
2669	2669
2671	17126
2672	2672
2674	12557
2675	2675
2676	2676
2677	2677
2680	2680
2681	2681
2682	2682
2688	1172
2689	2689
2690	11670
2691	5758
2693	15613
2694	18554
2699	14490
2706	6021
2713	11183
2715	2715
2716	2716
2729	2729
2741	11129
2743	26229
2745	2745
2748	2748
2752	17012
35527	35527
2761	2761
2762	2762
2765	2765
2770	2996
2779	2028
2780	2780
2785	2785
2790	8286
2791	2791
2804	2804
2806	20221
2849	2316
2851	1775
2855	2689
2859	9158
2861	3004
2864	2864
2866	2866
2867	2864
2869	2259
2870	1848
2871	9004
2872	1360
2874	15403
2875	2875
2877	1609
35645	35645
2879	12798
2881	2881
2885	27923
2886	3216
2891	6296
2894	2894
2911	7089
2917	30501
2918	5309
2924	4120
2926	2926
2930	1082
2931	2931
35705	29749
2938	9130
2939	9757
2942	2942
2943	9130
2944	2942
2945	14666
2966	2301
2968	2968
35741	20885
2975	9244
2977	12230
35743	38135
35742	32099
2981	2981
2982	2982
2984	873
2993	2869
2994	2994
2996	6879
2998	10197
3001	2861
3003	2493
3004	1848
3006	13619
3009	3009
3011	5279
3012	3016
3016	4819
3017	10197
3020	1655
3021	2861
3022	2861
3034	3034
3043	3017
35815	12647
3058	3058
3059	3059
3061	3061
3062	2409
3086	2879
3092	17374
3093	1326
3095	3022
3130	3130
3135	7176
3142	3142
3143	3143
3149	3149
3153	262
3158	4242
3165	3165
3166	2364
3175	3175
35943	13062
3177	24323
3178	3178
3179	4740
3181	3181
35944	35944
3185	23048
3201	3201
3208	3208
3209	3209
3211	3211
3214	3216
3216	3216
35987	34018
36017	32330
3257	3257
3260	3260
36047	36047
36075	32661
36105	29042
36121	3634
3364	2305
3368	3368
3373	3373
3374	2297
36141	36141
3379	3379
3380	3380
3387	3612
3402	17727
3403	873
3405	920
3412	4959
3415	15423
3420	10778
3423	3423
3428	9617
36198	28047
36203	18867
3436	1283
3435	6872
3440	5283
3443	10281
3446	3446
3454	3454
3462	1430
3468	3468
3494	2551
3499	17808
3502	28239
3518	22203
3520	20066
3521	407
3524	3524
3529	7242
3531	6706
3532	3532
3534	3534
3535	9701
36313	36313
3550	18554
36319	36319
36320	24972
3553	3553
36321	36321
36324	24976
36326	36326
36327	27401
36328	27403
36332	20796
3573	1766
3580	20028
3581	3581
3582	3582
3585	3585
3586	3920
3587	3587
3594	3973
3595	6265
3597	36651
3598	3598
3599	24662
3604	19583
3606	10135
3609	3601
3611	14689
3612	3612
3614	3614
3616	5135
3619	24717
3627	14873
3632	3632
3633	19467
3637	10897
3638	7588
3639	23387
36407	31544
3648	805
3650	3650
3652	3652
36416	19572
3653	15381
3656	15980
3655	7064
3658	28279
3661	3634
3662	3662
3663	1245
3664	20577
3665	7107
3668	36887
3670	3670
3672	3672
3673	6657
3674	28186
3675	3675
3678	3678
3681	3681
3682	3682
3683	3683
3688	11275
3690	3690
3691	14279
3693	20343
3695	3695
3696	3696
3697	27121
3698	3698
3701	26090
3702	3702
3703	6265
3704	28972
3705	27203
3707	15578
36474	34782
3710	34784
3711	3711
3713	20741
3714	3714
3715	3715
3716	13461
3717	27407
3718	21595
3723	16804
3724	11027
3725	3652
3726	16297
3727	3727
3730	15576
3731	19773
3732	17141
3735	3614
3736	3736
36517	22315
3811	9036
3814	3814
36584	4165
3819	15450
3820	3820
3821	3821
36589	36589
3824	3824
3841	3919
3848	9835
3851	3851
3866	3907
3868	20862
3869	3869
3870	3870
3871	3948
3872	3872
3873	3873
3874	3874
3875	2297
3876	3876
3877	6260
3878	1913
3879	3879
36647	27407
3880	3880
3882	3882
3886	3886
3887	27935
3888	3888
3889	3889
3890	3890
3894	10892
3896	3937
3898	3898
3899	9693
3900	3919
3902	3902
3904	6210
3907	36947
3908	1907
3909	3841
3910	3910
3912	3904
3914	5412
3916	3916
3918	14965
3919	9851
3920	3586
3921	3941
3923	14965
3925	3919
36694	25743
3929	3930
3930	3930
3926	20862
3932	3941
3937	9211
3939	3939
3941	3921
3942	3942
3948	3937
3949	1917
3950	4894
3951	3951
36720	27403
3953	3958
3955	3953
3957	3957
3958	3873
3959	14873
3960	3960
3962	3962
36723	23048
36733	15602
36738	11493
36742	36742
3975	3975
3982	18571
3985	3985
3996	3996
36768	16332
36772	13935
4004	4004
36776	11614
4025	4732
36801	36801
4040	4040
4041	4041
36814	19136
4060	18853
36828	821
36838	36838
4074	4074
36855	30874
4093	4093
4110	28748
4119	388
36887	36887
4120	4148
4122	14702
4127	19995
4128	4128
4129	8760
4137	3573
4139	4139
4148	4155
4152	4376
4153	4153
4155	20253
4156	4156
4157	4148
4158	24120
4164	4164
4165	20215
36933	9909
4167	26649
4168	4168
4166	4166
4171	9126
36934	27202
4173	11523
4174	4193
4175	5308
4177	4177
4178	4178
36947	21808
4182	21704
36950	39229
4187	11523
4189	4189
36953	26090
4193	27223
4190	20411
36974	36974
36976	32059
36984	36984
4223	30797
4244	5920
4245	4245
4247	6542
4248	887
4251	2015
37019	37019
4258	4258
4261	17260
4282	4282
4290	2190
4291	6210
4292	4292
4298	4298
4299	2911
4307	4307
4312	32906
4313	4313
4315	4315
4320	4295
4343	4343
4345	4345
4346	17415
4348	4654
4349	4349
4352	17808
4354	4354
37129	24755
4362	4362
4364	4364
4365	19070
4369	580
37138	31544
4371	4371
4372	4372
4373	4373
37142	37142
4374	20140
37144	37144
4377	4377
4376	4376
4380	4380
4381	20140
4382	4382
4384	18205
4378	20419
37152	37152
4394	16687
4400	15736
4401	4401
37186	32231
4423	6401
4427	4742
4428	2765
4434	29525
4448	4448
4453	4453
4454	4454
4455	27236
4456	9926
4457	26411
37241	3652
37259	11552
37261	27236
4532	4532
4544	4544
4577	15704
4598	20180
4604	4604
4605	4605
4615	4615
4652	4652
4654	4654
4661	1208
4673	20069
4692	17808
37462	27024
4698	4698
4700	7576
4702	4702
4705	15749
4718	34479
4727	4727
4728	5697
4730	18862
4732	4732
4740	21045
4741	20956
4742	4742
4757	4193
4784	18554
37553	38644
4787	1311
37572	34514
4813	27435
4817	3573
4819	4819
4821	4821
37589	10913
4833	4833
4836	3499
4845	4845
4846	264
37615	11805
4851	4851
4854	4854
4857	23909
4883	5229
4894	7053
4895	4895
4907	2706
4913	4913
4920	18851
37696	37696
4939	15430
4955	4955
4959	3412
37729	5112
4976	872
4984	4984
4987	4987
4992	4110
37769	3698
5003	5518
5011	9795
5012	3379
5027	17603
5029	5029
37798	37798
5031	5031
5032	10919
5035	22663
5036	5036
5038	5038
5041	5041
5042	5042
5051	18309
5053	24598
5054	5054
5056	28186
5057	5057
5060	7047
5062	1553
5063	26433
5065	7517
5066	5066
5067	5067
5069	5069
5073	6882
5074	25232
5076	24466
5077	5050
5079	5079
5080	10921
5083	5083
5085	5085
5087	5087
5088	5088
5089	5089
5090	5090
5091	5091
5092	13213
5093	10676
5095	5095
5096	27635
5098	18023
5099	3635
5100	5100
5101	5101
5103	5103
5106	1945
5107	5107
5108	5108
5110	4955
5112	5112
5114	5114
5115	5115
5118	14898
5119	11258
5120	5120
5122	5122
5125	5125
5130	5130
5132	19511
5134	5134
5135	3616
5137	5137
5138	5138
5140	36742
5146	40130
5152	25270
5154	5947
5156	3659
5159	5159
5162	5012
5166	5166
5167	27623
5168	5168
5169	5169
37941	12270
5175	5175
5176	5447
5179	11489
5180	19769
5181	5181
5185	357
5186	5186
5187	5187
5188	5188
5190	5190
5193	5193
5201	20212
5203	5203
37975	5512
37974	5522
5212	5212
5215	5215
5224	4168
5229	5229
5236	873
5238	9623
5239	5239
5245	5245
5248	14099
5262	4740
5267	6444
5268	5268
5277	6667
5279	1298
5280	5280
5283	6874
5286	7100
5287	24031
5288	39784
5289	5289
5293	5293
5299	9683
5302	6061
5308	5308
5309	5920
5316	5316
5326	5326
5328	5328
5343	802
5352	4654
5361	4654
5376	5385
5380	4155
5383	5383
5385	5930
5399	15244
5404	5404
5405	5405
5411	5411
5412	6210
5413	5413
5416	3616
5418	5418
5421	5089
5422	5422
5424	25381
5427	5496
5434	5434
5436	5436
5437	5099
5444	5444
5447	5447
5450	7176
5454	11793
38220	20662
38227	38227
5461	9864
5467	5467
5473	7562
5482	19721
5487	5487
5491	5491
5496	5496
5507	357
5511	37975
5512	5512
5514	5514
5515	5515
5522	23645
5521	5521
5524	5524
5525	41639
5523	5523
5527	698
5531	16570
38306	21255
38307	21255
38308	23872
5551	5564
5553	5553
5557	5557
5558	12539
5562	5562
5582	5582
5583	14314
5586	5586
38357	38357
5593	5593
5613	5613
5614	5614
5627	8362
5644	698
5645	5645
38419	18428
5655	5655
5659	14932
5661	12798
5690	5690
5708	7743
5731	12637
5743	10069
5752	4652
5753	1095
5758	1082
5760	5720
38531	38531
5764	5764
5768	9516
5771	5771
5792	921
38566	18656
38568	25415
38601	38601
5848	5848
5854	386
5858	5858
5866	11115
5872	5872
5873	37259
38644	25764
5878	107
5887	5887
5889	5889
5901	6271
5908	12486
38680	1614
5912	6062
5915	5915
5917	5915
5920	5920
5930	5361
5938	5938
5947	31299
5956	31080
5967	5967
5986	5986
6001	15138
38773	13182
6014	12357
6021	6021
6027	25917
38810	30956
38812	36121
38813	13062
6057	19372
6061	6061
6067	6067
6068	609
6069	6296
6071	6071
38847	18411
6093	6093
6099	6856
6121	6121
6124	6124
6125	6125
6130	6130
6143	15947
6145	11071
6148	1283
6151	8185
6154	32671
6176	6176
6185	6185
6187	1372
6193	26406
6201	11949
6203	23127
6205	112
6207	22366
6210	10677
6220	25748
6221	6221
6225	6225
6237	26770
6248	6248
6253	1308
6254	6254
6260	6260
6265	9703
6269	26336
6271	6614
6281	6281
6295	2585
6296	6904
6299	42449
6301	35339
6305	2187
6311	6311
6312	6312
6315	6315
39087	39087
6322	11506
6332	8830
6333	6333
6334	6334
39104	39104
6338	6338
6340	17557
6346	6346
6348	6348
6349	571
6355	6355
6361	6361
6365	6365
6366	4152
39137	5146
6373	11874
6374	6374
6372	852
39148	39148
6382	11994
39152	39152
39154	14139
39151	31517
6395	22351
39169	11644
6401	8378
6426	6148
6431	6431
6432	10670
6444	18900
39223	26880
39226	39226
6458	1243
39228	33844
39229	22283
39230	39230
39232	24989
6468	14530
6480	6480
6504	6504
6508	6508
6509	6509
6517	22324
39290	12628
6528	7500
6533	1526
6541	1569
6542	6542
6544	6544
6561	6561
6563	6563
6576	6143
39357	39357
6591	6591
6612	6612
6614	6614
6618	6618
39391	39391
39392	38308
6641	6641
39410	28239
6648	17102
6657	20405
39427	27607
6666	6666
6667	12562
6669	10600
39437	42746
6677	6677
6687	6687
6689	24596
6706	7242
39480	39480
39481	39490
39482	39482
6715	6715
39484	39484
39485	39485
39486	39486
6719	6719
39488	39488
6717	10959
39487	17353
39490	34579
39492	39492
39493	36017
39489	39489
6734	27203
6741	6741
6747	9826
6784	6784
6787	1625
39553	14318
6832	6832
6836	3402
6837	6837
6839	6839
6842	6874
6843	1457
6844	6899
6847	6848
39616	39616
6848	12442
6856	1457
6864	17817
6872	6872
6873	6873
6874	13761
6875	6874
6877	6899
6879	19849
6881	1735
6882	6882
6886	6886
6890	13856
6891	6844
6895	6895
6896	6896
6897	7191
6899	6874
6904	7973
39673	5582
6937	6937
6938	9427
6940	6940
39715	39715
6948	24042
6950	11040
39721	39747
6955	6955
6956	24763
6958	6958
6959	11647
6960	19209
6957	29052
6967	6967
6969	13736
6976	6976
39745	26641
39747	9130
6979	27935
6994	4698
6999	1877
7000	39942
7001	5512
39775	16318
39777	39783
39778	23048
39779	13581
39780	39780
39781	4129
39783	13407
39784	39784
39785	25417
39786	39786
7020	26366
7030	6969
7031	17611
7032	1429
7034	17904
7035	8504
7037	1389
7042	7042
7043	7043
7045	7045
7047	3379
7050	7050
7051	7051
7052	13867
7053	8399
7054	11489
39823	39823
7064	7064
7065	7065
7066	7916
39834	39834
39836	7591
7070	7053
7071	7071
7073	19822
7082	3875
7099	10899
7100	7100
7103	7916
7107	7107
7108	7108
7110	7107
7118	7118
7119	2241
7123	11650
7124	7124
7134	7591
39902	39902
39904	29475
39905	30487
39909	39909
39912	39912
39913	39912
7147	9987
39916	4992
7144	7144
39918	39913
39920	27050
7155	7155
7156	19224
7157	20253
39942	27595
7176	6148
7183	7183
7188	18972
7191	2385
7193	7193
7195	13736
7197	7197
7200	7200
7203	7203
7208	1457
7210	5262
7222	18371
7231	24426
7236	32674
7240	7240
7242	7242
7247	8711
7248	7248
7257	28646
7262	7262
7263	7263
7265	7265
7267	21255
7271	7271
7289	7289
7292	2766
7300	7300
7301	3886
7314	11669
7316	7316
7311	7311
7332	7332
7340	7340
7342	7855
7345	8
40130	15583
7367	7367
40136	22325
7370	7370
7371	1326
7376	7376
7379	7379
40147	40147
7384	8256
7389	7389
7393	7393
7395	7395
7402	17635
7404	7404
40172	26146
40175	15403
40176	25936
7426	8920
40196	41777
40235	24892
7478	21342
7494	19276
7500	19285
7502	22302
7503	4959
7506	7506
7507	5659
7509	7509
7511	12966
7512	7512
7515	7515
7516	7516
7517	15791
7518	7518
7528	10832
7529	7582
7531	14874
40297	40297
7538	18648
7539	9824
7549	17396
7555	7555
7558	7558
7560	7560
7561	7561
7567	27125
7569	9909
7575	19503
7576	7576
7577	15353
7581	7581
7582	7582
7584	7584
7585	17245
7588	7588
7589	3257
7591	13313
7592	7592
7595	7595
7596	34512
7604	7604
7603	31544
7607	7607
7608	7608
7610	13576
7618	12242
7629	7629
7630	26143
7631	7631
7633	10912
40402	32564
7636	7636
40410	24725
7643	10819
7644	17216
7646	7646
7657	2741
7659	8316
7661	7661
7662	7662
7665	81
7667	7248
7674	7674
40443	25618
40441	40441
7686	7686
7688	18372
7712	20004
7716	9155
7718	1566
7736	7736
7739	7739
7740	7740
7742	7742
7743	5309
7747	7741
7752	10095
7759	18580
7763	7763
7764	7764
7770	10821
7780	13547
7811	7811
7817	7817
7819	7861
7822	7861
7824	7861
7825	7843
7826	7859
7827	7853
7829	7829
7830	7859
7833	5313
7835	8301
7836	7853
7838	7863
7839	7859
7840	7840
7841	7859
7843	7863
7844	7844
7846	8301
7849	7861
7851	7822
7853	29631
7855	17904
7859	7822
7861	15704
7863	7851
7867	7867
7882	14547
7883	12497
7887	8234
7888	10823
7889	7889
7890	7890
7893	33423
7894	3616
7897	7897
7898	7898
7899	7899
7902	9703
7908	14885
7910	9789
7911	9218
7912	39223
7915	7900
7916	7066
7918	18250
7923	7561
7945	15403
40717	33983
7960	7960
7971	1574
7972	490
7973	6296
7981	6890
7990	7990
7995	7995
7997	7997
7998	2043
8000	8000
8003	8003
8012	8012
8019	8019
8027	8027
8032	8032
40807	40807
8052	8052
40824	40824
8062	3420
8065	8065
8068	9983
8069	7674
8072	8072
8073	8417
8083	8083
8086	8086
8087	6333
8089	8640
8090	4174
8100	8100
8103	19304
8114	8114
8113	8113
8115	8115
8117	36651
8120	19582
8116	8116
8122	7107
8126	8126
8128	25237
8129	8129
8131	8409
8134	8134
8135	13935
8136	19499
8147	8147
8157	8157
8165	31080
8177	29933
8178	8178
40948	3727
8181	8181
8182	30216
8184	36768
40952	40952
40968	39921
40970	40970
8232	8232
8234	8234
8240	13214
8271	14892
41040	41040
8277	8277
8286	7973
8289	14530
8291	8291
8292	8292
8293	8292
8301	18249
8314	872
8316	8316
8345	31544
8361	580
8362	8362
8372	8372
8374	12447
8378	4348
8380	4727
8390	5146
8396	8396
8398	8830
8399	19822
8400	18967
8401	9703
41170	35943
41172	27188
8404	8404
8406	8406
8407	8407
8408	24975
8409	31266
8412	8412
8413	20786
8414	26423
8415	10821
8417	8417
8418	20379
8421	9698
8422	14906
8425	8425
8429	20762
8431	11549
8432	15581
8435	8435
8443	19487
8444	8444
8446	8446
8447	8447
8451	9207
8454	2354
41225	16564
8474	11355
8502	3165
8503	8503
8504	7335
8505	8505
8506	8506
8511	8511
8514	12437
8515	10611
8517	25483
8518	8518
8539	22706
8540	4380
8543	6904
8552	2891
8561	3454
8562	8561
8564	13892
8565	8565
8566	38419
8567	8567
8569	8569
8570	8570
8571	8571
8572	11854
8573	8561
8578	8578
8580	8580
8581	1245
8583	8583
8591	5090
8592	8592
8593	8593
8594	8594
8596	2034
8599	10924
8600	8600
8602	8602
8603	8603
8604	36933
8607	8607
8611	8611
8613	11258
8614	8614
8615	8592
8616	5106
8617	8617
8618	16804
8621	8621
8622	8607
8624	38810
8625	112
8626	17095
8627	11497
8628	17312
8629	8629
8630	32536
8632	8632
8633	12971
8637	8637
8638	8638
8640	8640
8644	15601
8645	27623
8650	8650
8652	8652
8654	8654
8655	10152
8657	8657
8658	7001
8659	4223
8661	8396
8663	8663
8666	8666
8670	9218
8672	24668
8677	809
8680	25205
8681	8681
41452	27236
8687	37553
8688	8688
8690	8690
8689	11696
8694	8694
8695	3380
8697	8697
8700	22280
8702	25764
8703	448
8705	8705
8706	8706
8707	24535
8708	8708
8709	8709
8713	12287
8716	8716
8717	8717
8719	8719
8735	8735
8736	8736
8737	8737
8738	8738
8739	8739
8740	8737
8743	8743
8748	8748
8749	424
8750	8834
8751	11106
8752	24560
8756	8756
8757	8757
8758	8758
8759	8759
8760	8760
8764	2765
8768	11760
8769	8769
8770	8770
8799	8799
8802	8802
8822	1465
8830	8089
8831	20222
8833	8833
8834	8834
8835	8835
8836	1457
8838	8838
8840	1569
8841	8841
8843	8843
8846	24893
8849	8849
8851	8851
8852	23376
8853	8853
8854	8854
8855	8855
8856	8856
8857	8857
8858	8858
8876	16372
41646	41646
8884	8884
8887	8887
8895	8895
8898	1569
8900	8640
8902	8902
8903	389
8907	8907
8909	8738
8912	8912
8913	8913
8914	8914
8919	8919
8920	11088
8921	8921
8922	8178
8926	6881
8929	1447
8932	493
8934	8934
8937	8937
8940	17374
8943	8943
41710	4110
8946	8946
8947	8947
8948	8948
8949	8949
8952	19785
8961	14098
8965	8965
41774	28239
9004	8909
9009	34018
41777	41777
9014	14099
9034	8567
9036	16309
9037	8540
9038	9038
9039	7210
9040	9040
9041	799
9043	15092
9045	9045
9046	10106
9050	9050
9051	9051
9052	21045
9053	9053
9054	15110
9055	7210
9065	9065
9068	9068
9084	12200
9088	22322
41858	41858
9090	9207
41860	26381
41859	41859
9092	9092
9095	9095
9104	9104
9124	32536
9126	20419
9128	9128
41896	28646
9130	39721
9136	9136
9138	9138
9149	16581
9154	21378
9158	424
9164	294
41944	36121
9182	9182
9194	9194
9196	25252
9198	9198
9202	32583
9207	13414
9210	9210
9211	3891
9214	35133
9216	9547
9218	14898
9225	9516
9227	20062
9228	8603
9230	9230
9237	9237
9242	9242
9244	9244
9248	9248
9250	9250
9254	9254
9259	9259
9271	9271
9289	3910
9301	18475
9318	8629
9320	15248
42091	29050
9336	9693
9339	9339
9358	1385
9361	10998
9371	9371
9372	14624
42137	21251
9387	6112
42167	42167
9420	31544
9422	7662
9427	9427
9432	9432
9433	15521
9441	3822
9447	6841
9452	5582
9468	22094
9476	11634
9546	17526
9547	14244
9565	11115
9577	9577
9589	6148
42359	25417
9592	2554
9591	3006
9593	11413
9600	9600
9617	14490
9623	12739
9659	9659
42449	32422
9683	15926
9685	9685
9689	5268
9693	2137
9695	9695
9698	19718
9701	9701
9703	7902
9706	5405
9707	19108
9712	7527
9714	9714
9720	2305
9721	3886
9731	10332
9737	9737
9738	5268
9744	9744
9748	7686
9753	9753
9757	9757
42526	19766
9789	9789
9795	28186
9796	9796
9797	9797
9798	9798
9800	8233
9802	9802
42573	23379
9805	1216
9813	9813
9824	9802
9825	15385
9826	9826
9827	9827
9829	9829
9831	9831
9832	9832
9833	9833
9834	10898
9836	9836
9837	9837
9838	10919
9839	15385
9844	20733
9847	9847
9848	9848
9850	9829
9851	7053
9852	9852
9856	7527
9857	9857
9859	9878
9860	13182
9861	9861
9862	5032
9863	27711
9864	9864
9865	9865
9866	9866
9870	9870
9873	27405
9874	9874
9875	9875
9876	13055
9878	9878
9879	20818
9881	10150
9882	9882
9886	32335
9888	28972
9889	22509
9890	8633
9891	9891
9893	9888
9895	24974
9896	9896
9897	9897
9898	9898
9899	15567
9903	9903
9904	7108
9906	9906
9907	9907
9908	9878
9909	18867
9911	34514
9910	9910
9914	9914
9924	4400
9925	9925
9926	5644
9937	4742
9938	9938
9948	9948
9954	9954
9958	210
9967	1433
42746	42746
42748	20738
9981	9981
42749	27121
9983	7686
9987	3443
9991	3822
9998	26366
10009	10009
10020	7144
10031	27825
10069	20403
10080	10080
10095	15716
10096	10096
10099	10099
10101	17904
10104	18123
10105	13707
10108	8567
10110	8540
10112	10112
10114	18372
10116	9213
10117	10117
10124	10124
10129	20786
10143	28285
10148	10148
10150	10150
10153	10899
10160	20777
10163	32059
42933	42933
10178	10178
10180	17415
10191	5583
10196	10196
10212	27612
10218	10218
10219	10219
10220	10220
10221	17355
10238	10238
10241	20790
10258	10258
43028	2326
10263	5168
10267	11802
10281	2770
10283	10283
10328	10328
10329	10329
10330	24969
10332	10332
10333	14661
10336	10336
10339	30823
10345	9888
10346	32446
10353	3841
10355	10355
10377	20245
10379	10379
10386	10386
10388	10388
10391	6094
10396	10396
10432	3420
10469	10469
10474	10474
10492	12842
10498	13139
10506	20400
10520	10520
41174	25356
41175	15583
10600	10600
34672	34672
10604	10604
10611	9958
34681	29052
10649	18115
10656	5343
34684	21378
10670	10670
10673	6657
10676	7050
10685	10685
10690	10690
10728	14274
10788	611
10798	12866
10807	267
10809	10809
10812	10812
10813	7535
10814	14889
10816	10816
10819	10819
10821	10821
10823	11803
10828	10828
10829	27395
10831	36651
10832	10828
10833	32016
10876	26339
10880	22666
10883	25990
10885	17186
10889	11681
10890	1944
10891	28186
10892	14082
10895	10895
10897	10897
10898	10898
10899	10329
10900	27846
10902	10902
10903	10909
10904	10903
10907	34369
10912	11316
10913	10913
10914	14898
10916	8856
10917	12327
10919	15263
10921	1940
10924	10924
10926	10926
10928	25202
10930	22312
10932	10932
10933	10933
10935	13935
10936	10936
10938	10938
10939	10939
10940	10678
10942	23116
10944	25654
10945	11258
10946	31055
10947	15402
10948	10948
10949	10160
10951	10951
10953	10953
10954	10954
10955	4298
10957	11793
10959	10959
10967	10967
10996	1898
10999	10999
11007	799
11008	5181
11021	6832
11023	31544
11027	24970
43804	830
11037	24439
11040	11040
11041	31544
11062	11062
11063	34985
11064	11064
11068	11880
11072	22347
11074	11074
11075	11630
11076	11076
11077	388
11081	11634
11088	20172
11093	39958
11106	11106
11107	5523
11111	11634
11113	22567
11114	3902
11115	2080
11118	11118
11119	11633
11120	5461
11123	11123
11125	11125
11146	11523
11148	8948
11149	11149
11151	11151
11152	24755
11154	11154
11165	5146
11167	22172
11171	26432
11173	11173
11181	11191
11183	11183
11200	11200
11202	11202
11204	4883
11205	22243
11207	19257
11210	9068
11227	11227
11228	11228
11256	11256
44025	26977
11258	11258
11259	23185
44031	44031
11264	1937
44030	44030
11267	28306
11272	12998
11289	7144
11313	11258
11314	11314
11316	34446
11317	11317
11318	11318
11320	24975
11322	20422
11323	7064
11324	11324
11329	12242
11352	11352
11355	23909
11358	2102
11368	4883
11370	11370
11374	424
11376	8618
11377	14666
11381	11381
11385	10506
11388	11388
11391	1719
11413	11413
11419	11419
11452	11452
11475	16934
11488	11488
11489	11489
11491	15232
11492	11492
11493	38813
11497	11497
11506	16281
11508	27433
11514	11514
11517	33665
11519	11519
11520	11129
11522	11522
11523	11523
11524	11524
11526	19070
11528	11528
11534	11273
11535	12274
11536	11536
11537	16561
11538	11497
11539	11539
11541	36933
11542	11542
11548	27203
11549	11549
11550	11550
11552	35944
11553	11553
11557	20102
11614	9879
11629	4382
11630	11630
11633	34444
11635	11635
11636	17453
11641	19209
11643	11949
11645	11645
11647	11647
11648	11648
11649	11653
11651	20059
11653	11653
11655	32943
11659	11659
11662	11662
11670	7314
11677	11677
11679	11679
11680	11680
11681	11681
11682	11682
2324	10819
11694	3920
11696	3886
11701	11701
11705	5380
11709	4156
11729	11729
11730	27499
11731	4378
11739	20209
11745	11745
11748	20189
11751	14361
11757	11757
11759	11759
11760	13908
11764	2186
11783	22337
11784	3727
11785	11785
11788	22094
11789	11789
11793	11793
11794	10116
11796	11796
11797	31680
11798	11798
11799	11799
11802	32052
11803	10902
11805	11805
11813	11813
11819	11819
11823	22509
11824	29587
11829	28329
11834	19479
11836	11836
11838	11838
11840	11128
11841	7667
11842	11842
11843	11843
11844	12243
11845	7183
11846	11846
11847	11847
11848	11848
11849	11849
11851	11851
11852	11852
11853	11877
11854	7267
11855	11855
11856	11856
11857	11523
11858	11858
11860	11860
11863	11863
11867	22706
11869	11523
11870	7248
11873	11873
11874	4187
11875	11879
11876	11876
11877	11877
11878	11878
11879	11523
11880	11880
11881	21457
11882	11882
11884	20297
11886	18905
11887	11523
11888	11855
11938	21278
11941	11941
11947	7595
11950	11950
11952	11952
11994	5412
12023	12023
12025	12033
12032	5771
12033	12033
12035	3687
12040	12040
12041	12041
12042	12042
12105	14948
12107	12107
12112	3531
12154	12154
12172	15742
12174	3912
12175	4291
12177	11320
12218	6734
12230	12230
12238	33692
12240	1885
12242	1835
12243	12243
12245	12245
12247	9214
12249	15092
12251	12251
12253	12253
12265	34395
12266	12266
12267	151
12270	17603
12271	12271
12272	13309
12273	26432
12274	36887
12275	20131
12278	17603
12279	29139
12280	146
12281	24549
12282	12282
12287	27037
12293	17635
12314	12314
12315	12315
12321	12321
12325	12325
12327	12327
12330	36720
12334	25758
12336	3605
12337	12337
12357	11355
12374	12374
12386	19049
12399	8887
12421	881
12427	12437
12429	7973
12430	12430
12432	2770
12433	6879
12434	6879
12436	26366
12437	12437
12438	14520
12440	6687
12442	5450
12444	7674
12445	12445
12446	8502
12447	12447
12453	21342
12455	10101
12463	12463
12466	7591
12469	12469
12474	12474
12477	12477
12486	5642
12487	6667
12491	12455
12495	12497
12497	12495
12512	3727
12517	15227
12540	1447
12541	11077
12544	12544
12545	12545
12546	12546
12551	12551
12552	22611
12554	12554
12560	4845
12561	5582
12562	14615
12569	12569
12570	6195
12571	12571
12573	29067
12574	37798
12575	17374
12582	12582
12600	12600
12601	12601
12602	39958
12603	16738
12606	35742
12608	594
12609	604
12610	27476
12611	14285
12628	12628
12629	7998
12632	12632
12637	4845
12640	2046
12641	12641
12643	12643
12644	11952
12646	12646
12647	11040
12653	6895
12660	26894
12675	12675
12685	26149
12687	15343
12690	12690
12691	16716
12693	12897
12694	12842
12695	12695
12696	7257
12702	14157
12708	3822
12739	12739
12747	12747
12750	1172
12759	27203
12790	9959
12815	39616
12816	6959
12817	27068
12818	109
12823	7257
12826	16570
12827	12827
12834	12834
12842	10492
12845	7780
12851	12851
12854	12854
12866	14490
12897	12897
12898	11870
12901	16729
12902	12902
12915	12915
12940	9577
12941	13547
12965	12965
12966	8638
12967	8113
12968	7110
12969	12969
12970	12970
12971	12971
12972	30968
12973	12973
12974	29050
12975	14286
12976	12976
12979	22662
12983	4041
12985	12985
12990	25741
12991	12991
12992	26934
12994	18481
12995	13014
12996	25752
12999	128
13000	31055
13002	13002
13004	13004
13005	13005
13006	27476
13007	13007
13008	23058
13010	12991
13011	13011
13012	31266
13013	13013
13053	13053
13055	3595
13059	13059
13063	19257
13069	18415
13098	13098
13102	13102
13124	13124
13126	13365
13131	3553
13139	3143
13150	13150
13157	13157
13159	28930
13160	13160
13170	20245
13178	34963
13181	3973
13188	29993
13190	34754
13208	6657
13209	12274
13213	32580
13214	13214
13215	24725
13221	25546
13224	13224
13228	7601
13243	26954
13280	13280
13308	13308
13309	13309
13310	13310
13313	13313
13317	607
13361	5436
13362	13362
13365	24670
13373	887
13407	13407
13414	13414
13421	3979
13422	13422
13423	13423
13424	13424
13425	18879
13430	25618
13439	13439
13460	13460
13461	3716
13463	13463
13467	13467
13472	25907
13475	13475
13477	32606
13480	13480
13481	34112
13483	2676
13485	13485
13487	13487
13489	13489
13491	13182
13495	13495
13498	13498
13547	9577
13561	10520
13569	12576
13571	13571
13572	13572
13576	10592
13577	13577
13578	39786
13579	13579
13581	37462
13582	16664
13583	27042
13585	1935
13612	13612
13619	13619
13629	13629
13668	10492
13669	13669
13670	13670
13683	13683
13695	13695
13696	13696
13701	6667
13705	14132
13707	13707
13716	3499
13731	13731
13734	13734
13735	13736
13736	13736
13748	1433
13761	6875
13797	13797
13798	13798
13802	13802
13850	24003
13851	13871
13852	7973
13854	17441
13855	12628
13856	13856
13858	17635
13860	19792
13865	13865
13867	24042
13868	799
13869	13871
13871	12898
13876	18900
13884	33588
13888	13888
13892	13892
13893	13871
13897	13897
13905	1559
13911	26150
13918	13918
13919	26150
13935	8135
13936	11748
13937	13937
13943	13943
13950	13937
13953	13953
13971	6195
13972	15642
13974	13974
13979	13979
13987	13987
13988	13365
13989	9130
14022	7861
14051	14051
14055	12823
14056	12025
14066	7065
14081	3873
14082	5056
14083	5035
14084	14084
14089	8617
14094	20784
14095	9088
14097	14097
14098	14098
14099	9088
14117	7527
14120	14120
14129	14129
14130	11670
14132	10993
14144	36742
14157	6061
14163	14163
14166	17451
14186	14186
14203	3627
14204	25654
14208	3655
14214	25237
14217	1909
14218	14218
14229	14229
14234	1654
14235	7625
14244	34053
14252	14252
14253	25274
14256	34782
14265	14265
14275	7596
14282	1654
14283	7601
14285	14285
14289	14289
14299	267
14305	36584
14309	14309
14312	32291
14314	32943
14316	14316
14341	14341
14366	14366
14367	2945
14369	14369
14372	2468
14373	28646
14375	14641
14434	14434
14442	1766
14450	14367
14455	14455
14459	23909
14464	14464
14479	22895
14490	10281
14498	14498
14499	14499
14501	14501
14519	1389
14520	26366
14526	6296
14530	14129
14533	2735
14541	38740
14546	8504
14547	6911
14548	7674
14553	6305
14592	31544
14615	4604
14618	210
14619	12437
14624	14624
14637	5190
14641	14641
14655	18855
14658	14658
14659	19527
14660	11634
14661	27119
14664	14664
14665	14097
14666	2945
14668	14668
14672	17012
14673	14673
14681	14681
14682	27846
14683	14683
14684	18867
14686	20735
14688	14688
14689	14689
14690	8651
14692	15583
14693	14693
14695	14695
14697	12898
14698	14698
14702	14702
14784	19402
14786	18284
14788	14788
14790	14790
14793	14793
14794	21050
14802	14802
14807	12023
14871	3874
14872	14872
14873	27121
14874	14874
14878	14878
14879	14892
14880	14880
14883	14883
14884	29468
14885	14885
14888	14888
14892	14892
14898	14892
14902	14898
14906	14906
14909	20405
14912	14912
14917	14889
14932	14932
14940	36324
14941	5135
14948	14948
14958	31250
14959	14959
14960	18643
14961	3875
14962	6210
14965	14066
14971	17911
14973	14973
14975	21595
14976	18984
14980	5447
14986	14986
14995	18571
15028	15028
15032	81
15046	10816
15053	15053
15059	15059
15092	9046
15093	30797
15098	26331
15099	9565
15100	24893
15110	15110
15111	11107
15138	15514
15143	15143
15148	29052
15162	15162
15163	31544
15168	15168
15211	26355
15212	15212
15227	15227
15232	6648
15236	2335
15238	14932
15242	15242
15243	17312
15244	15244
15248	15248
15263	7916
15271	27935
15281	15281
15293	15293
15301	31271
15302	15302
15303	15303
15316	15316
15322	31407
15325	15325
15326	15326
15330	16063
15334	19511
15339	15339
15340	15340
15343	13460
15347	15347
15350	35268
15355	15355
15381	15381
15385	7066
15394	15394
15402	15402
15403	11643
15416	19046
15417	15417
15419	25205
15425	16582
15438	22611
15450	15450
15514	15514
15562	20809
15563	15563
15565	9909
15566	15566
15567	15567
15568	15568
15569	15569
15571	15571
15574	24970
15575	11320
15576	14909
15578	28862
15579	15568
15581	24972
15583	20738
15585	15585
15587	15587
15590	15583
15591	24973
15594	14279
15601	19582
15602	14279
15613	5692
15617	15617
15637	6458
15645	15645
15646	4371
15681	15681
15684	18420
15686	26552
15704	7851
15717	32536
15718	15718
15726	5582
15729	27057
15730	14051
15735	15735
15741	32720
15742	25545
15743	15743
15758	11413
15759	6872
15768	15768
15781	20068
15791	15791
15808	8506
15813	7549
15816	15816
15822	15822
15841	587
15856	19416
15859	9909
15864	821
15867	15867
15868	11784
15885	15885
15926	15926
15927	21636
15928	12834
15961	15961
15966	17504
15980	15980
15983	19402
16029	28239
16033	26894
16040	4175
16059	28279
16060	12154
16064	7817
16079	33835
16087	16064
16088	10953
16110	36313
16128	16128
16161	25351
16164	16164
16172	16172
16173	8711
16175	9850
16178	16178
16179	16179
16180	7053
16204	16204
16237	16237
16265	12551
16277	7053
16282	16282
16283	9910
16287	16287
16289	16289
16294	16294
16297	16297
16299	16299
16308	16308
16309	6444
16311	16311
16314	1735
16315	16315
16316	26232
16317	6541
16318	23017
16321	16321
16322	20291
16324	16324
16325	16325
16327	27243
16328	16328
16329	19129
16330	11151
16331	16331
16332	19403
16360	5866
16362	13888
16372	109
16374	27318
16382	16382
16433	23042
16438	27980
16439	26414
16511	12976
16526	7916
16529	16529
16532	12998
16533	16533
16535	2270
16548	16548
16552	23241
16553	16553
16554	16554
16557	16557
16559	21015
16560	16560
16561	3890
16564	16564
16566	818
16568	16568
16570	406
16572	16572
16575	16575
16576	26936
16578	16578
16579	16579
16582	16582
16585	16585
16586	18113
16592	19156
16624	26346
16642	15730
16643	27349
16659	16659
16670	27097
16672	9698
16674	16674
16677	16677
16680	27196
16687	16687
16688	34565
16689	17126
16692	16297
16698	16698
16703	16703
16706	40136
16707	16707
16708	16708
16712	16712
16717	26843
16718	16718
16719	16719
16720	26150
16722	10148
16729	16708
16739	594
16744	16744
16748	16748
16750	11523
16751	16751
16752	39921
16753	16753
16754	16754
16755	1621
16756	1519
16790	16790
16795	14369
16804	16804
16814	16814
16835	10160
16841	9068
16866	16866
16918	11523
16934	16934
16935	16935
16942	15601
16979	16979
17008	3379
17009	389
17012	13468
17021	727
17027	17027
17034	12440
17039	21645
17041	17041
17044	14677
17054	17054
17063	19754
17065	16050
17095	14117
17096	3694
17099	17099
17100	17100
17102	8401
17103	17103
17106	17106
17115	6576
17117	17117
17126	13569
17141	17141
17164	20306
17165	17165
17167	2918
17173	12562
17175	17175
17186	10948
17188	15051
17195	17195
17203	12746
17205	2193
17210	8062
17216	17216
17232	17232
17236	7066
17242	17242
17243	35133
17244	25218
17245	14082
17250	22338
17254	17254
17257	17257
17258	13170
17260	17260
17285	36887
17311	12641
17313	33810
17353	17353
17355	24149
17357	23015
17386	8591
17391	17391
17396	17396
17397	26852
17441	1770
17445	17445
17448	17448
17450	3520
17451	14546
17454	17454
17470	15726
17484	4157
17486	17486
17488	24759
17504	17504
17506	25237
17526	4148
17546	17546
17549	17549
17553	14548
17557	1614
17560	17560
17563	10124
17579	17579
17585	17585
17591	11670
17592	2266
17598	17598
17600	17600
17603	24951
17611	11939
17622	1766
17635	17635
17706	17706
17726	3402
17727	17727
17743	26773
17759	32306
17764	17764
17808	17808
17814	1443
17817	17817
17819	17819
17839	7910
17885	17885
17886	25541
17911	17911
17912	31070
17914	8581
17917	17917
17920	10676
17921	17921
17923	17923
17930	17905
18002	32564
18005	11949
18006	14665
18067	2395
18079	33588
18090	18671
18091	18091
18092	18092
18113	10148
18115	18115
18117	18117
18119	12327
18123	12637
18147	17585
18187	4987
18205	9039
18238	24760
18242	18242
18243	18243
18249	18249
18250	31739
18259	11743
18271	7838
18274	18274
18289	16554
18293	18293
18297	12746
18321	18321
3643	8599
18337	26648
18349	11634
3647	8435
3649	36203
18365	2977
18371	4376
18372	8567
18381	18381
18387	13576
18394	18394
18396	6528
18397	7156
18398	18398
18420	15684
18424	18424
18428	18879
18440	18440
18464	24951
18467	18467
18469	25545
18472	18472
18475	18475
18480	18480
18481	18481
18515	14299
18543	18543
18547	19484
18548	18548
18554	3532
18561	3260
18571	18571
18611	18611
18629	18629
18643	18643
18645	13494
18648	18648
18649	11493
18656	18656
18671	18671
18677	18677
18680	18680
18696	27612
18809	2585
18829	3982
18839	18839
18853	18853
18861	18861
18879	18879
18885	20068
18890	20946
18891	18890
18892	18892
18899	20966
18902	869
18905	9051
18916	18916
18917	18917
18921	18921
18937	18937
18972	7188
18984	19043
19013	22592
19040	19040
19043	18984
19044	19044
19046	13014
19047	7596
19049	39779
19067	112
19070	27318
19097	12576
19102	19102
19103	19103
19106	27442
19108	831
19120	36328
19121	10158
19126	19126
19128	14655
19129	19129
19136	19136
19139	19139
19141	38135
19143	20004
19146	12278
19156	20068
19157	19157
19158	19158
19162	22403
19166	2190
19177	3984
19190	19190
19191	19191
19198	19198
19202	19202
19204	5184
19207	19207
19211	19211
19224	1465
19227	1336
19230	19230
19236	19257
19243	19243
19257	19236
19273	19273
19280	19280
19283	1336
19284	38680
19304	6528
19306	5515
19347	15349
19350	19070
19366	11709
19372	4354
19378	24692
19401	20820
19402	6395
19403	8136
19404	30759
19409	19409
19410	19410
19412	28329
19414	31247
19416	14689
19417	27723
19418	13308
19419	19419
19420	24973
19421	19421
19436	12866
19442	1306
19467	19467
19468	19468
19469	19469
19471	19471
19473	18547
19477	19477
19481	19481
19484	19484
19485	7902
19486	19486
19487	19487
19491	19491
19493	30978
19494	27403
19499	19499
19502	36933
19503	19503
19504	7053
19505	19505
19506	19506
19510	19510
19511	20784
19512	16164
19514	36651
19515	25270
19516	3723
19518	24360
19519	19519
19523	19523
19525	19525
19527	19527
19529	19529
19530	19530
19531	10819
19536	19536
19537	20808
19538	30196
19539	20577
19542	19126
19543	19543
19544	33835
19548	19548
19558	5035
19565	26090
19566	818
19567	19567
19568	19568
19570	19570
19571	19211
19573	25758
19574	2340
19575	19575
19576	19576
19580	18885
19584	5582
19589	11316
19620	19620
19696	10345
19703	19703
19705	19766
19706	19706
19713	19713
19718	13012
19721	19721
19753	19753
19754	15567
19755	19755
19756	19756
19763	17185
19766	18113
19767	29050
19768	31271
19769	19769
19771	17185
19773	19773
19775	6657
19782	19782
19783	10926
19785	22567
19792	19792
19793	42573
19796	13365
19801	19801
19822	16277
19873	19873
19907	19907
19995	33692
20006	20006
20008	29046
20009	14367
20011	22614
20024	33835
20026	13000
20027	20027
20028	8706
20030	39228
20049	424
20056	20056
20059	20059
20060	20060
20062	20062
20063	20063
20066	19785
20068	19156
20069	17743
20070	20070
20071	19640
20072	20072
20073	20073
20074	15111
20077	20077
20078	20078
20081	8858
20088	9991
20094	20094
20101	30968
20102	20102
20118	20118
20119	20119
20122	32016
20125	20125
20131	20131
20135	11040
20137	25980
20140	20140
20171	18862
20172	11129
20177	20177
20179	20179
20180	18371
20182	20182
20189	11748
20206	20206
20209	20209
20212	24552
20215	8831
20218	20218
20222	8831
20244	20244
20253	11077
20258	8566
20260	20260
20264	20264
20276	12834
20284	20284
20291	20291
20296	37798
20297	27046
20302	16570
20304	13365
20306	20306
20308	8834
20309	20309
20319	20319
20320	38308
20321	20297
20328	20328
20332	20332
20335	20335
20337	20337
20340	20340
20341	8136
20343	38813
20360	20360
20378	20378
20379	25990
20400	36584
20403	12576
20404	9858
20405	11320
20406	13569
20409	20409
20411	20411
20416	11645
20417	20417
20418	27607
20420	20420
20432	20432
20469	20469
20491	20491
20566	20566
20577	36934
20586	6068
20587	20122
20604	94
20605	20380
20662	20662
20673	20673
20676	26166
20678	1719
20683	11949
20728	2885
20735	2340
20740	20740
20741	10332
20742	34735
20744	20744
20758	20758
20760	25470
20762	20762
20764	20764
20775	16561
20777	9878
20784	19044
20786	19211
20790	8185
20793	20793
20796	24976
20797	20797
20799	20897
20801	19721
20808	20808
20809	6221
20818	19573
20845	24979
20850	20850
20856	11271
20862	20862
20885	20885
20897	20897
20904	31271
20906	23166
20909	25417
20926	20926
20930	20930
20932	20932
20933	39942
20935	20935
20946	30725
20947	31106
20954	28439
20956	18937
20957	20957
20966	20966
20982	12491
21015	21015
21017	12637
21041	14139
21044	21044
21046	21046
21048	21048
21049	21049
21050	38853
21068	23011
21083	21083
21091	21091
21125	21125
21169	19366
21196	26432
21204	13987
21205	21205
21217	21217
21227	20380
21232	7743
21233	21233
21251	27061
21253	21253
21255	32564
21256	21256
21257	14305
21258	21258
21259	21259
21260	21260
21262	44025
21263	11119
21274	4702
21275	21275
21278	20004
21283	4869
21322	21322
21330	21330
21335	21335
21337	21337
21340	28748
21342	21342
21343	21343
21358	21358
21364	21364
21366	39784
21367	27573
21368	21368
21369	21369
21378	21378
21384	26432
21385	21385
21395	12966
21410	3982
21450	21450
21451	21451
21452	26331
21457	21457
21460	21460
21472	2266
21500	12826
21513	26563
21528	21384
21533	12573
21586	12258
21595	27595
21597	21597
21601	21601
21636	21636
21645	40172
21646	21646
21663	20309
21693	3437
21702	21702
21704	21704
21711	2266
21714	13098
21715	7960
21810	14139
21819	21819
21826	21826
21888	25062
21913	21913
21929	23806
21935	21935
21936	21936
21949	21949
21987	818
4370	4370
21998	24120
4375	25205
22054	22054
22094	20302
22148	36651
22164	27412
22166	22166
22172	14139
22195	22195
22203	22203
22215	10492
22243	18861
22261	22261
22272	22272
22282	12512
22283	25316
22284	22284
22285	1996
22287	10148
22288	31070
22289	18972
22290	22290
22294	22294
22296	8615
22298	27799
22300	17185
22301	31104
22302	14083
22303	32564
22308	22308
22310	22311
22311	26934
22312	22312
22313	7582
22315	22315
22316	22316
22319	22319
22320	22320
22322	5012
22323	10936
22325	22325
22331	22331
22332	26088
22334	18480
22336	27403
22337	11258
22338	13000
22344	22344
22345	22345
22346	22311
22349	22349
22351	19582
22353	35944
22354	32715
22366	26708
22369	23386
22396	22396
22403	22403
22441	22441
22495	22495
22499	19402
22509	22509
22526	39916
22538	29822
22543	24439
22567	22567
22592	22592
22610	22610
22611	22611
22612	22612
22613	22613
22614	28037
22620	15735
22649	22649
22662	22662
22663	14083
22665	33689
22666	22666
22668	22668
22669	22910
22672	28977
22675	5140
22676	22676
22677	22677
22678	22678
22681	22681
22682	25156
22686	22686
22706	4173
22737	3959
22755	27623
22759	24974
22891	22891
22892	26619
22895	22892
22899	22899
22900	22900
22901	22901
22910	13000
22913	11275
22933	22933
22937	22937
22951	22951
22962	22962
22977	22977
22981	11037
22992	22992
23010	4787
23011	26033
23015	23015
23017	16318
23021	9214
23042	26914
23043	23043
23046	23046
23047	11649
23048	36723
23049	12040
23058	22682
23065	31104
23067	24357
23072	5184
23077	23077
23116	19771
23132	23872
23137	26423
23166	23166
23188	16161
23235	6951
23340	23340
23371	26708
23376	23376
23379	42573
23386	32452
23389	25735
23395	13000
23396	23396
23428	23428
23491	23491
23518	8072
23612	267
23639	23639
23645	15403
23667	20885
23672	26432
23768	25546
23772	8399
23806	24446
23863	23863
23872	23872
23909	11891
23922	23922
24003	13850
24008	20296
24014	26143
24015	24015
24016	24016
24031	30181
24033	22610
24042	36141
24065	19793
24120	11075
24148	26419
24149	31909
24150	29365
24205	24205
24214	12818
24215	17487
24242	32422
24305	17743
24309	24305
24311	26166
24324	30366
24325	19102
24357	28654
24360	25081
24362	25661
24366	15581
24368	24368
24370	24370
24371	24371
24410	15263
24426	24426
24429	24429
24431	30988
24435	24435
24439	24446
24446	23806
24466	24466
24472	19513
24475	20131
24480	28440
24481	6195
24508	24508
24509	6338
24529	24529
24532	23376
24533	24033
24535	17254
24541	17185
24542	22675
24543	25762
24545	26937
24552	20215
24555	24555
24560	7240
24572	24572
24582	6167
24583	24583
24598	24598
24606	29822
24607	12270
24623	24623
24629	16282
24630	27433
24637	32639
24643	9155
24648	24651
24651	1265
24652	21384
24662	19583
24663	11949
24665	24665
24666	17450
24668	24668
24669	24669
24670	32600
24688	24688
24692	8566
24717	24717
24724	39230
24725	18677
24726	15111
24734	26423
24735	33240
24737	24737
24754	24754
24755	11152
24759	17488
24760	31741
24762	24762
24763	9659
24765	16282
24766	24766
24770	11139
24788	20074
24806	24596
24812	4156
24815	29879
24831	24831
24844	24844
24873	22351
24889	14139
24892	40235
24893	15100
24910	24910
24917	24917
24937	5343
24938	36768
24948	6951
24951	34579
24955	24955
24959	25345
24965	24965
24969	24969
24970	22666
24971	15591
24972	24972
24973	26952
24974	22301
24975	24975
24976	31043
24977	24977
24979	15581
24981	11677
24982	24985
24985	22298
24987	24987
24988	3670
24989	29468
24990	15743
24992	24992
25019	25019
25037	25037
25061	25061
25062	25062
25074	421
25076	19070
25081	25081
25091	25909
25122	33228
25124	406
25125	39942
25126	15684
25128	25128
25129	37144
25130	25130
25131	1519
25136	25136
25156	3727
25157	3687
25196	25196
25202	10928
25204	19756
25205	34833
25217	829
25218	17243
25223	824
25230	20764
25231	42167
25232	25232
25233	9878
25237	36121
25238	25238
25243	25243
25244	25758
25245	27121
25246	24475
25247	31104
25248	25248
25251	25281
25253	25204
25255	25255
25258	25258
25263	39228
25267	11316
25268	15585
25270	15576
25271	17186
25274	6657
25276	25276
25278	10829
25280	25280
25281	20733
25284	25542
25285	25542
25297	8655
25298	20030
25316	25316
25326	7601
25329	6657
25332	11757
25334	25334
25337	1654
25345	25345
25351	17911
25356	25237
25379	14894
25381	26856
25415	39745
25416	25416
25417	25417
25418	25418
25419	25419
25420	37144
25448	15298
25458	31850
25470	25470
25471	26856
25482	3520
25483	25483
25489	28614
25541	8409
25542	11258
25544	25544
25545	32583
25546	14695
25547	20897
25549	27121
25553	10930
25555	15402
25557	26090
25560	16297
25562	25562
25583	25583
25586	36889
25588	25381
25590	25590
25616	12820
25618	5858
25642	21340
25654	36589
25659	24370
25661	27718
25662	25662
25663	25663
25664	37615
25667	25667
25668	12280
25671	22676
25672	25754
25696	25696
25733	32062
25734	25734
25735	35175
25737	34514
25739	38644
25740	31280
25741	13008
25743	25743
25750	20897
25752	25752
25753	38644
25754	28544
25755	36742
25756	25756
25758	25758
25759	19530
25760	25671
25762	13008
25763	15741
25764	25765
25765	25741
25766	22675
25774	16287
25793	25793
25795	6517
25803	25803
25822	3984
25828	17743
25843	25843
25850	25850
25870	25870
25891	39427
25907	1045
25909	25091
25918	25918
25920	7271
25921	25921
25936	25936
25941	26765
25957	30059
25980	21378
25989	24965
25990	20340
26002	41639
26032	42933
26033	31517
26034	26034
26088	28977
26090	26090
26111	26111
26114	26114
26140	20359
26142	26142
26143	26143
26146	26146
26148	26148
26149	29755
26150	26150
26166	26166
26179	9909
26193	16739
26197	26197
26198	34565
26200	39722
26211	13012
26214	25546
26218	18967
26231	26231
26232	27061
26233	26233
26235	26827
26289	28930
26296	26296
26323	26419
26330	26330
26331	19129
26332	11040
26336	8408
26346	41646
26360	26360
26366	26366
26372	26372
26381	26381
26398	20764
26403	39779
26406	17743
26408	20066
26410	26410
26411	39786
26412	26412
26414	401
26415	24324
26417	26417
26418	26418
26419	26419
26420	26420
26423	26423
26426	24670
26427	26427
26428	32600
26430	26432
26431	406
26432	26432
26433	5063
26434	26434
26435	26432
26533	26533
26543	2266
26551	14139
26552	26552
26553	14139
26563	26563
26569	20215
26572	32720
26580	17923
26612	7072
26613	29052
26614	9959
26619	22892
26625	26625
26626	26626
26627	2266
26629	26631
26630	26627
26631	22172
26632	26632
26633	26627
26635	26635
26640	26640
26641	26034
26649	18284
26651	805
26660	15143
26697	26697
26702	26702
26707	2370
26708	26708
26710	26710
26711	26711
26712	26712
26765	22166
26766	26766
26767	10945
26770	26770
26776	30168
26797	26797
26799	27047
26814	26814
26815	26815
26817	26817
26823	22166
26827	23877
26830	13937
26831	26831
26843	26843
26854	26854
26856	26856
26863	20845
26864	10907
26874	27799
26880	27119
26894	26894
26900	3177
26901	18696
26903	33198
26904	21050
26910	26910
26914	26914
26915	26915
26917	26917
26918	26918
26922	26922
26928	26928
26930	26930
26932	34509
26933	34756
26934	36801
26936	25752
26937	26766
26939	37019
26946	14204
26951	22681
26952	26952
26954	15583
26955	26955
26958	3177
26972	26972
26973	26973
26976	18420
26977	13855
26992	19046
26998	26998
27020	27020
27024	31978
27037	33385
27040	27040
27041	27041
27042	19580
27043	27043
27046	11523
27047	26799
27050	24951
27057	39330
27060	25483
27061	27061
27068	11107
27097	32606
27117	20405
27119	22736
27121	14279
27122	10938
27124	36203
27125	28544
27126	17254
27127	27127
27128	11320
27129	32509
27152	27152
27164	26423
27187	16088
27188	27188
27196	17914
27202	39488
27206	27206
27209	27209
27210	27206
27217	15402
27218	14144
27223	4182
27225	27225
27228	18885
27240	8921
27242	27242
27243	27243
27248	27248
27249	27249
27264	27264
27275	40824
27305	27305
27311	27311
27314	15735
27318	27318
27336	18428
27337	27337
27349	14305
27356	14139
27368	27368
27370	25760
27375	27375
27386	34509
27389	25661
27395	24972
27399	26090
27401	35987
27402	27402
27403	27403
27404	34369
27405	26863
27407	27407
27408	27408
27412	27412
27430	27430
27433	27433
27435	27435
27445	25774
27451	34579
27472	27472
27474	7340
27476	32306
27481	31271
27485	11633
27499	15717
27513	146
27524	27524
27526	27526
27527	27527
27547	31407
27561	25156
27573	27573
27579	27579
27580	34514
27587	27587
27589	27589
27595	27264
27596	27596
27601	11918
27602	27602
27607	39427
27610	27610
27611	7712
27621	24972
27623	27623
27635	14116
27651	27651
27652	20604
27658	22335
27685	2326
27709	27709
27711	27711
27718	19565
27720	27720
27723	27723
27745	27745
27799	26874
27802	27802
27812	15583
27816	20338
27823	27823
27825	27825
27845	27845
27846	13014
27848	27848
27850	31250
27923	27923
27933	20296
27935	4939
27960	20053
27979	24596
27980	39785
28037	6734
28052	2266
28054	24623
28069	22981
28158	28158
28170	24772
28186	10899
28270	28270
28276	14214
28279	33356
28285	28285
28298	28298
28306	28306
28320	13214
28325	22663
28329	22280
28365	32555
28402	2511
28439	36313
28440	28440
28441	11682
28450	28450
28538	28538
28546	3731
28548	28548
28573	28573
28614	8706
28616	11313
28654	28654
28748	20077
28798	28798
28801	28801
28831	39492
28847	4992
28875	28875
28876	26663
28877	16664
28879	26166
28901	28901
28902	17012
28910	28910
28912	35258
28914	35260
28916	28916
28917	28919
28919	28919
28920	28920
28929	28914
28930	28930
28934	4895
28972	9888
28977	28977
28978	36651
28985	29145
29036	19182
29042	29042
29050	29050
29054	27623
29094	29094
29096	4984
29128	23127
29139	8135
29145	29145
29147	29147
29154	29154
29193	35323
29194	17185
29207	33171
29209	16327
29240	29240
29254	29254
29269	16321
29365	29365
29382	12901
29422	29422
29461	4984
29468	29468
29475	38584
29482	24759
29509	29509
29546	20306
29572	21808
29583	6395
29587	29587
29597	19044
29652	17453
29749	29749
29755	5146
29811	33835
29864	29864
29879	29879
29954	29954
29993	14285
30058	33198
30059	30068
30068	30059
30120	27709
30168	30168
30175	27037
30196	30196
30216	8182
30318	30318
30366	26914
30400	36321
30404	30404
30473	30473
30487	30487
30498	5146
30502	13308
30510	30510
30511	30511
30555	30759
30574	30574
30589	19403
30590	27635
30639	15576
30653	30653
30725	30725
30775	2911
30797	30797
30812	20260
30830	13867
30833	12016
30859	30859
30874	30874
30891	30891
30925	30925
30932	20328
30936	2266
30943	30943
30956	30956
30962	30962
30978	27589
30988	30988
31043	20818
31055	10946
31070	34513
31080	31080
31104	26198
31106	31106
31133	31133
31155	31155
31201	31201
31217	24368
31224	13190
31228	16582
31245	22663
31250	31250
31256	11273
31262	25774
31263	17258
31266	11316
31270	35001
31271	12977
31273	14244
31274	31274
31278	31278
31280	31280
31296	31296
31299	31299
31517	31517
31537	31537
31538	31538
31680	821
31713	7203
31735	13182
31739	6167
31741	31741
31753	31753
31756	31756
31789	38812
31826	25749
31837	31837
31840	15098
31843	31843
31850	31850
31854	146
31882	41639
31883	31883
31885	552
31893	28920
31903	31903
31909	31909
31929	25252
31978	6956
31998	5167
31999	34730
32002	33835
32016	32016
32020	29139
32021	16088
32052	3605
32055	15287
32058	32058
32059	10948
32060	27445
32062	26934
32063	36801
32064	32448
32099	5328
32118	40172
32158	43028
32216	32216
32217	32217
32231	32231
32251	15287
32306	3658
32309	3687
32313	32313
32330	18891
32335	15417
32364	32364
32379	27848
32390	32390
32399	32399
32403	13008
32422	32422
32460	9198
32504	32504
32509	24370
32513	16708
32522	34730
32530	9909
32535	32535
32536	15717
32543	13308
32551	20291
32552	32552
32570	32570
32576	32576
32580	32716
32583	27658
32587	28903
32593	16063
32600	26435
32606	32606
32619	3687
32622	24446
32639	20172
32645	32645
32661	32661
32667	24370
32674	24755
32695	25642
32715	32064
32720	32718